21	5
21	7
21	8
21	11
25	4
25	7
25	9
25	10
25	11
27	11
31	11
32	11
34	11
36	11
38	11
42	11
49	11
50	11
51	11
53	11
54	11
55	11
57	11
59	11
60	11
61	11
62	11
64	11
65	4
65	5
65	8
65	10
65	11
67	11
74	5
74	6
74	7
74	11
76	11
78	11
79	11
87	11
88	11
91	7
91	9
91	11
92	7
92	9
92	10
92	11
93	7
93	9
93	10
93	11
118	11
120	11
121	11
122	11
123	11
124	11
125	11
127	11
128	11
129	11
130	11
132	7
150	7
150	11
153	7
167	11
168	7
168	11
171	11
172	11
173	11
175	11
177	11
180	5
180	7
180	8
180	11
190	11
193	7
194	11
228	11
230	4
230	5
230	6
230	7
230	8
230	10
230	11
231	11
240	7
240	11
245	11
249	5
250	5
250	11
269	11
273	11
277	11
278	11
279	11
281	11
285	11
286	5
286	6
286	7
286	8
286	11
288	11
293	11
294	11
298	7
298	11
301	11
302	11
303	11
304	11
311	7
317	11
318	11
323	11
333	11
334	11
335	11
336	11
338	7
340	11
341	11
348	11
349	11
365	11
366	11
367	11
368	11
376	11
377	7
378	7
393	11
394	11
395	11
396	11
397	11
398	11
399	11
400	11
408	11
421	11
453	7
512	11
513	7
519	11
520	11
532	11
533	11
534	11
535	11
536	11
537	11
538	11
541	11
542	11
543	11
544	11
548	11
549	11
550	11
553	11
554	11
555	11
563	4
563	7
563	10
563	11
564	9
588	11
589	11
591	7
597	7
597	11
601	7
609	7
621	7
621	11
622	11
655	11
660	11
661	11
663	4
663	9
663	10
663	11
677	7
739	11
749	11
750	11
756	11
763	4
775	11
776	11
779	5
779	11
781	11
783	11
786	11
788	11
789	11
791	11
795	11
796	11
805	7
809	11
828	5
828	6
828	7
828	8
828	11
829	5
829	7
829	8
829	11
830	11
833	11
844	11
845	11
846	11
847	11
848	11
850	11
858	11
939	11
940	11
941	11
942	11
943	11
944	11
979	11
980	11
981	11
990	11
993	11
994	11
1021	11
1036	7
1077	7
1132	7
1132	11
1143	7
1143	11
1148	11
1157	11
1158	11
1159	11
1160	11
1161	11
1163	7
1163	11
1164	11
1173	7
1188	11
1189	11
1190	11
1302	11
1309	7
1309	11
1348	11
1598	7
2583	4
2583	5
2583	6
2583	7
2583	8
2583	10
2583	11
2585	5
2585	6
2585	7
2585	8
2585	11
2586	4
2586	5
2586	8
2586	10
2586	11
2587	11
2589	11
2590	5
2590	7
2590	8
2593	11
2597	11
2598	11
2599	11
2604	11
2607	11
2608	5
2608	8
2608	11
2617	11
2618	11
2619	11
2621	11
2629	4
2629	5
2629	8
2629	10
2629	11
2630	11
2631	11
2632	11
2634	11
2639	7
2639	11
2641	7
2642	11
2643	11
2644	11
2645	11
2647	11
2649	4
2649	7
2649	9
2649	10
2649	11
2650	11
2651	11
2660	11
2662	11
2665	11
2666	11
2667	4
2667	5
2667	6
2667	7
2667	8
2667	10
2667	11
2672	7
2675	5
2677	11
2696	4
2696	6
2696	7
2696	8
2696	10
2696	11
2700	11
2704	11
2706	11
2712	11
2714	11
2724	11
2739	7
2740	5
2740	6
2740	7
2740	8
2740	11
2741	11
2742	11
2746	11
2753	11
2754	11
2756	11
2757	11
2758	11
2760	11
2761	11
2763	11
2764	11
2765	11
2768	11
2770	11
2771	11
2772	11
2773	11
2774	11
2775	11
2776	11
2777	11
2778	11
2779	11
2780	11
2782	11
2783	11
2784	11
2785	11
2786	11
2787	11
2788	11
2790	11
2791	11
2793	11
2795	11
2796	11
2797	11
2798	11
2799	11
2800	11
2801	11
2802	11
2803	11
2805	11
2806	11
2810	11
2811	11
2812	11
2813	11
2814	11
2815	11
2816	11
2818	11
2820	11
2821	11
2822	11
2823	11
2824	11
2826	11
2830	11
2831	4
2831	7
2831	9
2831	10
2831	11
2838	4
2838	5
2838	9
2838	10
2838	11
2840	6
2840	7
2840	11
2841	11
2842	11
2843	11
2845	11
2846	11
2847	11
2848	11
2850	11
2851	11
2852	11
2854	11
2856	11
2857	11
2858	11
2859	11
2860	11
2861	11
2862	11
2863	11
2865	11
2866	11
2867	11
2868	11
2869	11
2870	11
2871	11
2872	11
2875	11
2877	11
2878	11
2879	11
2880	11
2882	11
2883	11
2884	11
2886	11
2887	11
2888	11
2889	11
2890	11
2891	11
2892	11
2893	11
2894	11
2895	11
2896	11
2897	11
2898	11
2899	11
2900	11
2901	11
2902	11
2903	11
2904	11
2905	11
2906	11
2908	11
2910	11
2911	11
2913	11
2914	7
2914	11
2915	11
2916	11
2917	11
2918	11
2919	11
2920	11
2921	11
2922	11
2923	11
2924	11
2925	11
2927	11
2928	11
2930	11
2931	11
2932	11
2933	11
2934	11
2935	11
2936	11
2937	11
2938	11
2939	11
2940	11
2941	11
2942	11
2943	11
2944	11
2945	11
2946	11
2947	11
2948	11
2949	11
2950	11
2953	11
2954	11
2956	11
2958	11
2959	11
2960	11
2963	11
2964	11
2965	11
2966	11
2967	11
2968	11
2969	11
2970	11
2971	11
2972	11
2973	11
2974	11
2975	11
2976	11
2978	11
2979	11
2980	11
2984	11
2987	11
2988	11
2989	11
2990	11
2991	11
2992	11
2993	11
2994	11
2995	11
2997	11
2998	11
2999	11
3000	11
3001	11
3002	11
3003	11
3004	11
3005	11
3006	11
3007	11
3008	11
3009	11
3012	11
3013	11
3014	11
3015	11
3020	11
3021	11
3022	11
3023	11
3024	11
3025	11
3026	11
3028	11
3029	11
3030	11
3031	11
3032	7
3032	11
3033	11
3034	11
3035	11
3036	11
3037	11
3038	11
3039	11
3040	11
3042	11
3043	11
3044	11
3045	11
3046	11
3047	11
3048	11
3049	11
3050	11
3051	11
3054	11
3055	11
3056	11
3057	11
3059	11
3060	11
3062	11
3063	11
3064	11
3068	11
3069	11
3071	11
3073	11
3077	11
3078	11
3079	11
3080	11
3081	11
3082	11
3083	11
3084	11
3085	11
3086	11
3089	11
3094	11
3101	11
3116	5
3116	8
3119	11
3120	11
3125	11
3126	11
3127	11
3128	11
3129	11
3132	11
3133	11
3137	11
3138	11
3140	11
3144	4
3144	5
3144	7
3144	8
3144	10
3148	11
3149	11
3150	11
3151	11
3155	11
3156	11
3158	11
3160	4
3160	5
3160	7
3160	8
3160	10
3160	11
3163	11
3164	11
3165	11
3175	11
3176	11
3178	11
3182	11
3183	11
3185	4
3185	5
3185	7
3185	10
3185	11
3186	11
3187	11
3193	11
3194	11
3195	11
3196	11
3197	11
3199	11
3200	11
3201	11
3203	11
3204	11
3205	11
3207	11
3209	11
3210	11
3211	11
3212	11
3213	11
3216	11
3217	11
3218	11
3219	11
3220	11
3221	11
3222	11
3224	11
3226	11
3227	11
3228	11
3229	11
3230	11
3232	11
3233	11
3234	11
3235	11
3236	11
3237	11
3238	11
3239	11
3240	11
3241	11
3242	11
3243	11
3244	11
3245	11
3246	11
3247	11
3248	11
3249	11
3250	11
3251	11
3252	11
3253	11
3254	11
3255	11
3256	11
3257	11
3258	11
3259	11
3260	11
3262	11
3263	11
3271	11
3273	11
3274	5
3274	8
3274	11
3275	4
3275	7
3275	9
3275	11
3276	11
3278	4
3278	6
3278	7
3278	10
3278	11
3282	11
3283	11
3284	11
3285	11
3286	11
3287	11
3290	11
3291	11
3292	11
3293	11
3294	11
3295	11
3296	11
3297	11
3298	11
3299	11
3300	11
3301	11
3302	11
3303	11
3304	11
3305	11
3306	11
3307	11
3308	11
3309	11
3312	11
3314	11
3315	11
3316	11
3317	11
3329	11
3330	11
3331	11
3332	11
3333	11
3335	11
3336	11
3337	11
3338	11
3339	11
3340	11
3341	11
3343	11
3344	11
3347	11
3348	11
3349	11
3350	11
3351	11
3352	11
3353	11
3354	11
3355	11
3356	11
3357	11
3358	11
3361	11
3363	11
3364	11
3366	11
3367	11
3368	11
3369	11
3370	11
3371	11
3372	11
3374	11
3375	7
3375	11
3377	11
3378	11
3380	11
3381	11
3382	11
3383	11
3390	11
3392	11
3393	11
3394	11
3395	11
3396	5
3396	8
3396	11
3397	11
3398	11
3399	11
3401	11
3402	11
3403	11
3404	11
3405	11
3406	11
3407	11
3408	11
3409	11
3413	11
3415	11
3416	11
3417	11
3418	11
3420	11
3421	11
3422	11
3423	11
3424	11
3425	11
3426	11
3428	11
3429	11
3430	11
3431	11
3432	11
3433	11
3435	11
3438	11
3440	11
3444	11
3445	11
3448	11
3449	11
3450	11
3451	11
3453	11
3454	11
3455	11
3457	11
3458	11
3459	11
3460	11
3464	11
3465	11
3467	11
3468	11
3469	11
3470	11
3471	11
3472	11
3473	11
3474	11
3475	11
3476	11
3477	11
3478	11
3479	11
3480	11
3481	11
3482	11
3484	11
3485	11
3487	4
3487	5
3487	6
3487	7
3487	8
3487	10
3487	11
3491	5
3491	8
3491	11
3495	11
3496	11
3497	11
3498	11
3499	11
3500	11
3501	11
3502	11
3503	11
3504	11
3505	11
3506	11
3507	11
3508	11
3509	11
3510	11
3511	11
3512	11
3513	11
3515	11
3517	11
3519	11
3520	11
3522	11
3523	11
3524	11
3529	11
3530	11
3533	11
3534	11
3535	4
3535	5
3535	10
3535	11
3536	11
3537	11
3545	11
3548	11
3569	11
3570	11
3571	11
3576	11
3578	4
3578	5
3578	10
3578	11
3579	11
3582	11
3583	11
3586	11
3587	11
3588	11
3590	11
3592	11
3593	11
3594	11
3595	11
3596	11
3599	11
3600	11
3602	11
3603	11
3604	11
3605	11
3606	11
3607	11
3608	11
3609	11
3610	11
3611	11
3612	11
3613	11
3615	11
3616	11
3617	11
3618	11
3619	11
3620	11
3621	11
3626	11
3627	11
3628	11
3629	11
3631	11
3633	11
3635	11
3636	11
3639	11
3640	11
3642	11
3643	11
3644	11
3645	11
3646	11
3648	11
3649	11
3650	11
3652	11
3653	11
3654	7
3654	11
3656	11
3657	11
3658	11
3659	11
3660	11
3661	11
3662	11
3663	11
3664	11
3665	11
3666	11
3667	11
3668	11
3669	11
3670	11
3671	11
3672	11
3673	11
3674	11
3675	11
3676	11
3677	11
3678	11
3679	11
3680	11
3681	11
3682	11
3683	11
3684	11
3685	11
3689	11
3691	11
3692	11
3693	11
3694	11
3695	11
3696	11
3697	11
3698	11
3699	11
3700	11
3701	11
3702	11
3703	11
3704	11
3705	11
3706	11
3709	11
3714	11
3715	11
3717	11
3718	4
3718	5
3718	6
3718	7
3718	8
3718	10
3718	11
3719	5
3719	6
3719	8
3719	11
3733	11
3742	5
3742	7
3742	8
3742	11
3770	11
3778	11
3780	11
3817	11
3843	11
3850	11
3859	4
3859	5
3859	8
3859	9
3859	10
3859	11
3891	11
3894	11
3896	4
3896	5
3896	7
3896	8
3896	10
3898	11
3899	11
3902	4
3902	5
3902	8
3902	10
3907	11
3926	11
3934	11
3935	11
3946	11
3959	11
4038	11
4040	5
4040	7
4040	11
4048	4
4048	5
4048	6
4048	7
4048	8
4048	10
4048	11
4049	11
4050	11
4051	11
4065	4
4065	5
4065	6
4065	7
4065	8
4065	10
4065	11
4066	5
4066	11
4079	11
4080	11
4082	11
4086	11
4088	11
4091	11
4093	11
4097	11
4098	11
4100	11
4102	11
4105	11
4109	11
4111	11
4115	11
4118	11
4121	11
4124	11
4125	11
4126	11
4130	11
4132	11
4133	11
4134	11
4136	11
4140	11
4146	5
4146	11
4147	11
4156	11
4157	11
4160	11
4161	11
4163	11
4164	11
4165	11
4173	11
4175	11
4178	11
4180	11
4181	11
4183	11
4184	11
4187	11
4188	11
4189	11
4190	11
4195	11
4197	11
4198	11
4199	11
4202	11
4203	11
4204	11
4217	11
4222	7
4222	9
4222	10
4235	5
4235	6
4235	7
4235	8
4235	11
4238	7
4238	11
4245	11
4247	11
4248	11
4249	11
4251	11
4255	11
4262	11
4263	11
4264	11
4266	11
4269	11
4271	11
4274	11
4275	11
4278	11
4279	11
4280	11
4284	11
4285	7
4285	11
4289	5
4289	7
4299	4
4299	5
4299	10
4303	4
4303	5
4303	7
4303	8
4303	10
4303	11
4314	4
4314	5
4314	6
4314	7
4314	8
4314	10
4314	11
4316	5
4316	6
4316	8
4351	11
4353	5
4353	6
4353	8
4356	4
4356	5
4356	7
4356	8
4356	10
4356	11
4359	5
4359	6
4359	8
4359	11
4360	4
4360	10
4360	11
4362	11
4364	11
4369	4
4369	5
4369	6
4369	7
4369	8
4369	10
4370	5
4370	8
4377	7
4380	4
4380	5
4380	6
4380	8
4380	10
4380	11
4388	5
4388	8
4391	11
4394	7
4394	11
4395	11
4400	7
4412	7
4425	4
4425	5
4425	6
4425	7
4425	10
4425	11
4428	7
4456	4
4456	5
4456	7
4456	8
4456	10
4458	7
4463	4
4463	10
4467	7
4477	11
4489	5
4489	7
4489	8
4493	11
4502	7
4512	4
4512	5
4512	7
4512	8
4512	10
4536	11
4537	5
4538	7
4540	4
4540	5
4540	10
4556	7
4556	11
4561	7
4566	7
4572	4
4572	5
4572	7
4572	8
4572	10
4572	11
4595	7
4606	7
4607	7
4610	7
4633	5
4633	7
4636	4
4636	7
4636	10
4640	7
4641	4
4641	10
4644	7
4647	11
4650	11
4653	11
4654	11
4660	7
4660	11
4662	7
4662	11
4671	11
4675	4
4675	5
4675	7
4675	8
4675	9
4675	11
4676	7
4676	11
4677	11
4678	11
4679	11
4680	11
4681	11
4682	11
4683	11
4684	11
4685	11
4686	11
4687	11
4688	11
4689	11
4690	11
4691	11
4692	11
4693	11
4694	11
4695	11
4696	11
4697	11
4698	11
4699	11
4700	11
4701	11
4702	11
4703	11
4704	11
4705	11
4706	11
4707	11
4708	11
4709	11
4710	11
4711	11
4712	11
4713	11
4714	11
4715	11
4716	11
4717	11
4718	11
4719	11
4720	11
4721	11
4722	11
4723	11
4724	11
4725	11
4726	11
4727	11
4728	11
4729	11
4730	11
4734	11
4736	11
4737	11
4738	11
4739	11
4740	11
4741	11
4742	11
4743	11
4744	11
4745	11
4746	11
4747	11
4748	11
4749	11
4750	11
4751	11
4752	11
4753	11
4754	11
4755	11
4756	11
4757	11
4758	11
4759	11
4760	11
4761	11
4762	11
4763	7
4763	11
4764	11
4765	11
4766	11
4767	11
4768	11
4769	11
4770	11
4771	11
4773	11
4774	11
4776	11
4777	11
4778	7
4778	11
4779	7
4779	11
4780	11
4781	11
4782	11
4783	11
4784	11
4786	11
4787	11
4788	4
4788	5
4788	7
4788	8
4788	9
4788	10
4788	11
4789	11
4790	11
4791	11
4792	11
4793	11
4795	11
4796	11
4797	11
4798	11
4799	11
4800	11
4801	11
4802	11
4803	11
4804	11
4805	11
4806	7
4806	11
4807	7
4807	11
4808	11
4809	11
4810	11
4811	11
4813	11
4814	4
4814	6
4814	7
4814	10
4814	11
4815	11
4816	7
4816	11
4821	11
4823	11
4825	11
4826	11
4828	11
4830	11
4833	11
4839	11
4841	11
4842	5
4842	6
4842	7
4842	8
4842	11
4843	11
4844	11
4845	11
4847	11
4848	11
4849	11
4850	11
4851	11
4852	11
4853	11
4854	11
4855	11
4856	11
4857	11
4859	11
4860	11
4862	11
4863	11
4866	11
4867	11
4868	11
4870	11
4871	11
4872	11
4873	11
4874	11
4875	11
4876	11
4877	11
4878	11
4879	11
4880	11
4881	11
4882	11
4883	11
4884	11
4885	11
4886	11
4887	11
4888	11
4889	11
4890	11
4891	11
4892	11
4893	11
4894	11
4895	11
4896	11
4897	11
4898	11
4899	11
4900	11
4901	11
4902	11
4904	11
4907	11
4908	11
4909	11
4910	11
4911	11
4913	11
4914	11
4915	11
4916	11
4917	11
4918	11
4919	11
4920	11
4921	11
4922	11
4923	11
4924	11
4925	11
4926	11
4927	11
4928	11
4929	11
4931	11
4932	11
4933	11
4934	11
4935	11
4936	11
4937	11
4938	11
4939	11
4940	11
4941	11
4942	11
4943	11
4944	11
4945	11
4946	11
4947	11
4948	11
4949	11
4950	11
4951	11
4952	11
4955	11
4956	11
4959	11
4962	11
4963	11
4966	11
4967	11
4968	11
4969	4
4969	5
4969	7
4969	8
4969	9
4969	10
4969	11
4970	11
4972	11
4973	7
4973	11
4975	11
4976	11
4977	11
4978	11
4979	11
4980	11
4981	11
4982	11
4983	7
4983	11
4984	11
4985	11
4987	11
4988	7
4988	9
4988	11
4989	11
4990	11
4991	11
4992	11
4993	11
4994	11
4995	11
4996	11
4997	11
5000	11
5001	11
5002	11
5003	11
5004	11
5005	11
5007	11
5008	11
5009	11
5010	7
5010	11
5011	11
5012	11
5013	11
5014	11
5016	9
5016	11
5019	11
5020	11
5021	11
5022	11
5023	7
5047	4
5047	5
5047	7
5047	8
5047	9
5047	10
5047	11
5048	11
5049	11
5050	11
5051	7
5051	11
5052	11
5061	11
5072	11
5073	11
5076	11
5077	11
5082	11
5088	7
5088	11
5089	11
5091	9
5091	11
5092	11
5093	11
5094	11
5095	11
5102	11
5103	4
5103	5
5103	7
5103	8
5103	9
5103	10
5103	11
5104	11
5105	11
5106	11
5107	11
5108	11
5109	11
5110	11
5111	11
5112	11
5113	11
5114	11
5115	11
5116	11
5117	11
5118	11
5119	11
5120	11
5121	11
5122	11
5123	11
5124	11
5125	11
5126	11
5127	11
5128	11
5131	11
5132	11
5133	11
5134	11
5135	11
5136	11
5137	11
5138	11
5141	9
5141	11
5143	11
5145	4
5145	5
5145	7
5145	8
5145	10
5145	11
5146	11
5148	11
5149	11
5150	11
5151	11
5152	11
5153	11
5154	11
5155	11
5156	11
5157	11
5158	11
5159	11
5160	11
5161	11
5163	11
5164	11
5166	9
5166	11
5167	11
5168	11
5169	11
5170	11
5171	11
5172	11
5173	11
5175	11
5176	11
5177	11
5178	11
5179	11
5180	11
5182	11
5184	11
5186	11
5187	11
5188	11
5189	11
5190	7
5190	11
5191	11
5193	11
5198	11
5199	11
5200	11
5201	7
5201	11
5202	4
5202	5
5202	6
5202	7
5202	8
5202	10
5202	11
5203	9
5203	11
5204	11
5205	11
5206	11
5207	11
5208	11
5209	11
5210	11
5211	11
5212	11
5213	11
5214	11
5215	11
5216	11
5217	11
5218	11
5219	11
5220	11
5221	11
5222	11
5223	11
5224	11
5225	11
5226	11
5227	11
5228	11
5229	11
5230	11
5231	11
5232	11
5233	11
5234	11
5235	11
5236	11
5237	11
5238	11
5239	11
5240	11
5241	11
5242	11
5243	11
5244	11
5245	11
5246	11
5247	11
5248	11
5249	11
5250	11
5251	11
5252	11
5253	11
5254	11
5255	11
5256	11
5257	11
5258	11
5259	11
5260	11
5261	11
5262	11
5263	11
5265	11
5266	11
5267	11
5269	11
5274	11
5275	11
5276	11
5277	11
5278	11
5279	11
5280	11
5281	11
5282	11
5283	11
5284	11
5285	11
5286	11
5287	9
5287	11
5309	4
5309	5
5309	7
5309	8
5309	9
5309	11
5311	4
5311	5
5311	7
5311	8
5311	10
5311	11
5312	11
5313	11
5314	11
5315	11
5316	11
5317	11
5318	11
5319	11
5320	11
5321	11
5322	11
5323	11
5324	11
5325	11
5326	11
5327	11
5328	11
5329	11
5330	11
5331	11
5332	11
5333	11
5334	11
5335	11
5336	11
5337	11
5338	11
5339	11
5340	11
5341	7
5341	11
5343	11
5344	11
5345	11
5346	11
5347	11
5348	11
5349	11
5350	11
5351	11
5352	11
5353	11
5354	11
5355	11
5356	11
5357	11
5358	11
5359	11
5360	11
5361	11
5362	11
5363	11
5364	11
5365	11
5366	11
5367	11
5368	11
5369	11
5370	11
5371	11
5372	11
5373	11
5375	11
5385	11
5390	11
5393	11
5394	11
5399	11
5400	11
5401	11
5403	7
5403	10
5403	11
5406	11
5407	11
5408	7
5408	11
5410	11
5411	7
5411	11
5412	11
5413	11
5414	11
5415	11
5416	11
5417	11
5418	11
5419	11
5420	11
5421	11
5422	11
5423	11
5424	11
5425	11
5426	11
5427	11
5428	11
5429	11
5431	11
5432	11
5433	11
5434	11
5435	11
5437	11
5438	4
5438	7
5438	9
5438	10
5438	11
5439	11
5440	11
5441	11
5442	11
5443	11
5445	11
5447	11
5448	11
5449	11
5450	11
5451	11
5452	11
5453	11
5454	11
5455	11
5456	11
5457	11
5458	11
5459	11
5460	11
5461	11
5462	11
5463	11
5464	7
5464	11
5465	11
5466	11
5467	9
5467	11
5468	11
5469	11
5470	11
5471	7
5471	11
5472	11
5476	7
5476	11
5478	11
5479	7
5479	11
5480	11
5481	11
5482	4
5482	5
5482	6
5482	7
5482	8
5482	9
5482	10
5482	11
5483	5
5483	7
5483	11
5484	11
5485	11
5486	11
5488	11
5489	11
5490	7
5490	11
5491	11
5492	11
5494	11
5495	11
5496	11
5497	11
5498	11
5499	11
5500	11
5504	11
5505	11
5506	7
5510	11
5514	11
5516	11
5520	11
5521	11
5531	11
5533	11
5534	11
5535	11
5537	11
5538	11
5540	7
5540	11
5541	11
5542	11
5543	7
5543	11
5544	11
5546	11
5549	11
5550	11
5551	11
5555	11
5556	11
5557	11
5558	11
5570	11
5574	11
5582	9
5583	7
5596	6
5596	7
5596	11
5603	11
5610	11
5612	6
5615	7
5616	4
5616	5
5616	8
5616	9
5616	10
5616	11
5629	11
5633	11
5634	11
5637	11
5638	11
5639	11
5647	11
5653	11
5654	4
5654	5
5654	7
5654	11
5655	4
5655	7
5655	10
5664	5
5664	7
5664	9
5664	10
5668	11
5681	5
5681	7
5681	11
5682	7
5683	7
5684	7
5684	9
5684	10
5685	7
5698	4
5698	7
5698	10
5698	11
5700	4
5700	5
5700	7
5700	8
5700	10
5700	11
5750	11
5759	4
5759	10
5759	11
5770	4
5770	10
5772	9
5772	10
5795	5
5795	7
5795	8
5795	11
5796	5
5796	6
5796	7
5796	8
5796	11
5797	11
5800	11
5803	9
5805	11
5868	11
5870	11
5898	11
5901	5
5901	8
5901	11
5909	5
5909	6
5909	8
5956	11
5968	5
5968	8
5968	11
5969	5
5969	8
5970	9
6029	7
6204	11
6206	7
6208	7
6222	11
6231	5
6231	6
6231	8
6231	11
6244	11
6247	11
6274	7
6280	11
6283	7
6289	11
6291	11
6292	11
6293	11
6297	11
6298	11
6301	5
6301	7
6311	11
6324	11
6329	11
6338	11
6341	11
6342	11
6343	11
6353	5
6353	11
6355	11
6358	11
6363	11
6364	11
6365	11
6366	11
6369	11
6370	11
6371	11
6373	11
6375	11
6377	11
6378	11
6379	11
6381	11
6383	11
6387	11
6390	11
6391	5
6391	8
6391	11
6392	11
6393	11
6398	7
6398	11
6400	11
6404	11
6405	11
6406	4
6406	5
6406	6
6406	7
6406	8
6406	10
6406	11
6407	11
6410	11
6420	11
6428	11
6429	11
6430	11
6431	11
6432	11
6433	11
6434	11
6435	11
6436	11
6437	11
6441	11
6442	11
6447	11
6450	11
6454	11
6455	11
6456	11
6458	11
6459	11
6460	11
6466	11
6469	11
6470	11
6471	11
6472	11
6474	11
6475	5
6475	6
6475	8
6475	11
6478	11
6481	11
6485	11
6491	11
6492	11
6493	11
6497	11
6499	11
6501	11
6502	11
6503	11
6506	11
6510	11
6519	11
6520	11
6521	11
6525	11
6527	7
6531	5
6531	7
6531	11
6532	11
6535	7
6535	11
6536	7
6541	11
6543	11
6545	11
6546	11
6547	11
6558	11
6566	11
6570	11
6579	11
6604	11
6605	11
6615	11
6616	11
6619	11
6620	11
6636	11
6644	11
6645	11
6646	11
6647	11
6648	11
6649	11
6651	11
6653	11
6658	11
6659	11
6661	11
6664	11
6666	11
6667	11
6679	11
6680	11
6681	11
6682	11
6684	11
6686	11
6687	11
6688	11
6689	11
6690	11
6697	11
6698	11
6699	11
6701	11
6705	11
6706	11
6708	11
6712	11
6713	11
6714	11
6716	11
6717	11
6718	11
6721	11
6723	11
6725	11
6726	11
6728	11
6743	11
6748	11
6749	11
6753	11
6764	11
6766	11
6767	11
6768	11
6785	11
6787	11
6788	11
6789	11
6790	11
6791	11
6792	11
6793	11
6794	11
6795	11
6797	11
6800	6
6800	11
6812	11
6833	11
6835	11
6838	11
6839	11
6840	11
6842	11
6843	11
6844	11
6845	11
6846	11
6864	7
6865	7
6865	11
6866	11
6873	11
6874	11
6877	11
6878	11
6879	11
6880	11
6881	7
6881	11
6884	11
6886	11
6887	11
6888	11
6889	11
6890	11
6891	11
6892	11
6893	11
6894	11
6896	11
6897	11
6898	11
6899	11
6900	11
6901	11
6902	11
6903	11
6904	11
6905	11
6906	11
6908	11
6909	11
6910	11
6911	11
6912	11
6914	11
6915	11
6916	11
6917	11
6918	11
6919	11
6921	11
6922	11
6924	11
6925	11
6926	11
6927	11
6928	11
6929	11
6930	11
6932	11
6933	11
6934	11
6935	11
6936	11
6937	11
6938	11
6939	11
6940	11
6941	11
6942	11
6943	11
6945	11
6946	11
6948	11
6949	11
6950	11
6951	11
6952	11
6953	11
6954	11
6955	11
6956	11
6957	11
6958	11
6959	11
6960	11
6961	11
6962	11
6963	11
6964	11
6965	11
6966	11
6968	11
6969	11
6970	11
6972	11
6973	11
6974	11
6975	11
6976	11
6977	11
6978	11
6979	11
6980	11
6981	11
6982	11
6983	11
6984	11
6985	11
6986	11
6987	11
6988	11
6989	11
6990	11
6991	11
6992	11
6993	11
6994	11
6996	11
6997	11
6998	11
6999	11
7000	11
7001	11
7003	11
7004	11
7005	11
7007	11
7008	11
7009	11
7010	11
7011	11
7012	11
7013	11
7014	11
7015	11
7016	11
7017	11
7018	11
7019	11
7021	11
7022	11
7023	11
7025	11
7026	11
7027	11
7028	11
7029	11
7030	11
7031	11
7032	11
7033	11
7034	11
7035	11
7041	11
7042	11
7044	11
7045	11
7046	11
7047	11
7048	11
7049	11
7050	11
7051	11
7052	11
7053	11
7054	11
7055	11
7056	11
7057	11
7058	11
7062	11
7063	11
7064	11
7066	11
7068	11
7069	11
7070	11
7071	11
7072	11
7074	11
7076	11
7077	11
7078	11
7079	11
7080	11
7081	11
7082	11
7083	11
7084	11
7085	11
7086	11
7087	11
7088	11
7089	11
7090	11
7091	11
7092	11
7093	11
7094	11
7095	11
7096	11
7097	11
7098	11
7099	11
7100	11
7101	11
7102	11
7103	11
7104	11
7105	11
7106	11
7107	11
7108	11
7109	11
7110	11
7111	11
7112	11
7113	11
7114	11
7115	11
7116	11
7117	11
7118	11
7119	11
7120	11
7121	6
7121	7
7121	11
7122	11
7123	11
7124	11
7125	11
7126	11
7128	11
7129	11
7130	11
7131	11
7132	11
7133	11
7135	11
7136	11
7137	11
7138	11
7139	11
7140	11
7141	11
7142	11
7143	11
7144	11
7146	11
7147	11
7148	11
7149	11
7150	11
7152	11
7153	11
7154	11
7155	11
7156	11
7157	11
7158	11
7159	11
7160	11
7161	11
7162	11
7165	11
7166	11
7167	11
7168	11
7169	11
7170	11
7171	11
7172	11
7173	11
7174	11
7175	11
7176	11
7177	11
7178	11
7179	11
7180	11
7181	11
7182	11
7183	11
7184	11
7185	11
7186	11
7187	11
7188	11
7189	11
7190	11
7191	11
7192	11
7193	11
7194	11
7195	11
7196	11
7197	11
7198	11
7199	11
7200	11
7202	11
7203	11
7204	11
7205	11
7206	11
7207	11
7208	11
7209	11
7210	11
7211	11
7212	11
7214	11
7215	11
7217	11
7218	11
7219	11
7220	11
7221	11
7222	7
7222	11
7223	11
7224	11
7225	11
7226	11
7227	11
7228	11
7229	11
7230	11
7231	11
7232	11
7233	11
7234	11
7235	11
7237	11
7238	11
7239	11
7240	11
7241	11
7242	11
7243	11
7244	11
7245	11
7246	11
7247	11
7248	11
7249	11
7250	11
7251	11
7252	11
7253	11
7254	11
7255	11
7256	11
7257	11
7258	11
7262	11
7263	11
7264	11
7265	11
7266	5
7266	6
7266	8
7266	11
7267	11
7268	5
7268	6
7268	8
7268	11
7269	11
7270	11
7271	11
7272	11
7273	11
7274	11
7275	11
7276	11
7277	11
7278	11
7279	11
7280	11
7281	11
7282	11
7283	11
7284	11
7285	11
7286	11
7287	11
7288	11
7289	11
7290	11
7291	11
7292	11
7293	11
7294	11
7295	11
7296	11
7297	11
7298	11
7299	11
7300	11
7301	11
7302	11
7303	11
7304	11
7305	11
7306	11
7307	11
7308	11
7309	11
7310	11
7311	11
7312	11
7313	11
7314	11
7315	11
7316	11
7317	11
7318	11
7319	11
7320	11
7321	11
7322	11
7323	11
7324	11
7325	7
7325	11
7326	7
7326	11
7327	11
7328	11
7329	11
7330	11
7331	11
7332	11
7333	11
7334	11
7335	11
7336	11
7337	11
7338	11
7339	11
7340	11
7341	11
7342	11
7343	11
7344	11
7345	11
7346	11
7347	11
7348	11
7349	11
7350	11
7351	11
7352	11
7353	11
7354	11
7355	11
7356	11
7357	11
7358	11
7359	11
7360	11
7361	11
7362	11
7363	11
7364	11
7365	11
7366	11
7367	11
7368	11
7369	11
7370	11
7371	11
7372	11
7373	11
7374	11
7375	11
7376	11
7377	11
7378	11
7379	11
7380	11
7381	11
7382	11
7383	11
7384	11
7385	11
7386	11
7387	11
7388	11
7389	11
7390	11
7391	11
7392	11
7393	11
7394	11
7395	11
7396	11
7397	11
7398	11
7399	11
7400	11
7401	11
7402	11
7403	11
7404	11
7405	11
7406	11
7407	11
7408	11
7409	11
7410	11
7411	11
7412	11
7413	11
7414	11
7415	11
7416	11
7417	11
7418	11
7419	11
7420	11
7421	11
7422	11
7423	11
7424	11
7425	11
7426	11
7427	11
7428	11
7429	11
7430	11
7431	7
7431	11
7432	11
7433	11
7434	11
7435	11
7436	11
7437	11
7438	11
7439	11
7440	11
7441	11
7442	11
7443	11
7444	11
7445	11
7446	11
7447	11
7448	11
7449	11
7450	11
7451	11
7452	11
7453	11
7454	11
7455	11
7456	11
7457	11
7458	11
7459	11
7460	11
7461	11
7462	11
7463	11
7464	11
7465	11
7466	11
7467	11
7468	11
7469	11
7470	11
7471	11
7472	11
7474	11
7476	11
7477	11
7478	11
7479	11
7482	11
7484	11
7485	7
7485	11
7486	11
7487	11
7488	7
7488	11
7489	11
7490	11
7491	11
7492	11
7493	11
7494	11
7495	11
7496	11
7499	11
7500	11
7501	11
7502	11
7503	11
7504	7
7504	11
7505	11
7506	11
7507	11
7508	11
7509	11
7510	11
7512	4
7512	11
7513	11
7514	7
7514	11
7515	11
7516	11
7517	11
7519	11
7521	11
7522	11
7523	11
7525	11
7527	11
7528	11
7534	11
7535	11
7536	11
7537	11
7538	11
7539	11
7540	11
7542	11
7543	11
7544	11
7545	11
7546	11
7550	11
7551	7
7551	11
7554	7
7554	11
7558	11
7559	11
7560	11
7561	11
7563	11
7565	7
7565	11
7566	11
7567	11
7568	11
7569	7
7569	11
7570	11
7571	11
7572	11
7573	11
7574	11
7575	11
7576	11
7577	11
7578	11
7579	11
7580	11
7582	11
7584	11
7586	11
7590	11
7591	11
7592	11
7593	11
7594	11
7595	11
7597	11
7599	11
7600	11
7601	7
7601	11
7602	4
7602	6
7602	11
7604	5
7604	7
7605	11
7606	11
7607	11
7608	11
7609	11
7611	11
7613	11
7614	11
7615	11
7617	11
7618	11
7619	11
7620	11
7621	11
7622	11
7623	11
7624	11
7625	11
7626	11
7627	11
7628	11
7629	11
7630	11
7631	11
7633	11
7634	11
7635	11
7636	11
7637	11
7638	11
7639	11
7640	11
7641	11
7642	11
7643	11
7644	11
7645	11
7646	11
7648	11
7649	11
7651	11
7652	11
7658	11
7659	11
7661	11
7690	11
7699	11
7716	11
7724	7
7724	11
7725	11
7726	11
7739	5
7739	7
7739	8
7739	11
7741	11
7742	11
7778	5
7778	7
7778	8
7778	11
7780	11
7781	11
7782	11
7783	11
7784	11
7786	11
7795	11
7796	11
7802	5
7802	8
7802	11
7803	8
7804	5
7804	8
7804	11
7810	11
7812	11
7821	5
7821	8
7821	11
7824	11
7829	11
7843	11
7844	11
7846	11
7847	11
7848	11
7849	7
7870	11
7871	11
7873	11
7874	11
7875	11
7876	11
7877	11
7878	11
7880	11
7881	11
7882	11
7883	11
7884	11
7886	11
7887	11
7888	11
7889	11
7898	11
7899	11
7900	11
7901	11
7902	11
7903	11
7904	11
7905	11
7906	11
7907	11
7908	11
7909	5
7909	8
7909	11
7949	11
7974	11
7980	8
7986	11
7987	11
7988	11
7989	11
7990	11
7991	11
7992	11
7993	11
7994	11
7995	11
7996	11
7997	11
7998	11
7999	11
8005	11
8006	11
8007	11
8008	11
8010	11
8011	11
8020	8
8023	8
8028	11
8029	11
8033	11
8034	11
8035	11
8036	11
8037	11
8038	11
8039	11
8040	11
8042	8
8060	8
8065	11
8066	11
8071	11
8072	11
8073	11
8074	11
8075	11
8076	11
8077	11
8078	11
8079	11
8080	11
8090	8
8096	7
8109	11
8115	11
8142	11
8143	11
8144	11
8146	11
8147	11
8148	11
8149	11
8152	11
8153	11
8155	7
8155	11
8160	11
8161	11
8164	11
8166	6
8166	7
8166	11
8167	6
8167	7
8167	8
8167	11
8171	8
8171	11
8197	11
8199	11
8200	11
8201	11
8204	11
8209	11
8210	11
8211	11
8284	11
8290	11
8291	11
8293	7
8296	11
8297	11
8298	11
8299	11
8300	11
8301	11
8303	11
8304	11
8305	11
8306	11
8307	11
8308	11
8309	11
8310	11
8311	11
8312	11
8313	11
8314	11
8316	11
8318	11
8320	11
8321	11
8322	11
8323	11
8345	11
8349	11
8359	11
8367	11
8368	11
8369	7
8392	11
8454	11
8482	11
8489	7
8532	11
8540	11
8541	11
8551	11
8555	11
8556	11
8583	11
8585	11
8640	11
8641	11
8701	11
8732	11
8735	11
9101	7
9101	11
9178	4
9178	10
9421	11
9428	11
9429	11
9430	11
9431	11
9432	11
9433	11
9434	11
9440	11
9450	5
9450	7
9450	11
9452	5
9452	7
9452	8
9452	11
9453	11
9454	11
9460	11
9462	11
9465	11
9466	11
9484	11
9485	11
9486	11
9487	11
9496	7
9496	11
9497	6
9497	11
9499	11
9500	11
9501	11
9503	11
9504	11
9506	11
9510	11
9512	11
9513	11
9515	11
9516	11
9518	11
9519	11
9520	11
9521	11
9524	11
9525	11
9526	11
9528	11
9529	11
9530	11
9532	11
9533	11
9534	11
9535	11
9536	11
9543	11
9544	11
9548	11
9549	11
9551	11
9552	11
9554	11
9556	11
9558	11
9559	11
9560	11
9561	11
9562	11
9563	11
9564	11
9567	11
9568	11
9569	11
9570	11
9571	11
9572	11
9573	11
9575	11
9576	11
9577	11
9578	11
9580	11
9582	11
9583	11
9585	11
9586	11
9587	11
9588	11
9590	11
9591	11
9592	11
9593	11
9594	11
9596	11
9597	11
9598	11
9599	11
9601	11
9602	11
9603	11
9604	11
9605	11
9606	11
9607	11
9608	11
9610	11
9611	11
9612	11
9615	11
9616	11
9617	11
9621	11
9625	11
9626	11
9627	11
9630	11
9631	11
9634	11
9640	11
9641	11
9642	11
9643	11
9644	11
9650	11
9652	11
9654	11
9658	11
9669	11
9673	6
9673	11
9674	11
9680	11
9688	11
9690	11
9691	11
9692	11
9693	11
9694	11
9695	11
9696	11
9697	11
9698	11
9699	11
9700	11
9701	11
9706	11
9709	11
9722	11
9723	11
9733	11
9739	11
9743	11
9756	11
9765	11
9766	11
9767	11
9781	11
9782	11
9787	11
9794	11
9798	11
9799	11
9801	11
9802	11
9803	11
9805	11
9808	11
9810	11
9811	11
9812	11
9813	11
9814	11
9815	11
9816	11
9817	11
9819	11
9823	11
9827	11
9829	11
9830	11
9831	11
9832	11
9833	11
9838	11
9839	11
9840	11
9844	11
9845	11
9847	11
9862	11
9869	11
9870	11
9874	11
9877	11
9879	11
9880	11
9881	11
9886	11
9887	11
9888	11
9891	11
9893	11
9897	11
9898	11
9901	11
9902	11
9904	11
9917	11
9919	11
9924	11
9928	11
9934	11
9935	11
9936	11
9940	11
9945	11
9947	11
9948	11
9949	11
9950	11
9951	11
9952	11
9953	11
9954	11
9956	11
9957	11
9958	11
9963	11
9964	11
9969	11
9970	11
9972	11
9974	11
9977	11
9985	11
9987	11
9988	11
9991	11
9992	11
9998	11
10000	11
10001	11
10002	11
10007	11
10008	11
10010	11
10012	11
10013	11
10014	11
10016	11
10018	11
10021	11
10022	11
10023	11
10024	11
10025	11
10026	11
10027	7
10027	11
10029	11
10030	11
10032	11
10033	11
10039	11
10041	11
10042	11
10044	11
10045	11
10046	11
10048	11
10049	11
10050	11
10051	11
10052	11
10053	11
10054	11
10055	11
10056	11
10057	11
10060	11
10061	11
10063	11
10064	11
10066	11
10067	11
10068	11
10069	11
10070	11
10073	11
10075	11
10079	11
10080	11
10081	11
10082	11
10088	11
10089	11
10090	11
10091	11
10094	11
10095	11
10097	11
10099	11
10102	11
10103	11
10104	11
10105	11
10106	11
10107	11
10108	11
10109	11
10110	11
10111	11
10112	11
10114	11
10115	11
10116	11
10117	11
10118	11
10119	11
10120	11
10121	11
10122	11
10123	11
10124	11
10125	11
10127	11
10129	11
10130	11
10131	11
10132	11
10144	7
10144	11
10146	11
10147	11
10148	11
10149	11
10150	11
10151	11
10153	11
10154	11
10155	11
10156	11
10157	11
10159	11
10160	11
10161	11
10162	11
10164	11
10165	11
10166	11
10167	11
10168	11
10169	11
10170	11
10171	11
10172	11
10173	11
10174	11
10175	11
10176	11
10177	11
10178	11
10179	11
10182	7
10182	11
10183	11
10184	7
10184	11
10186	7
10186	11
10187	11
10188	11
10189	11
10193	11
10194	11
10195	11
10196	11
10197	7
10197	11
10198	11
10199	11
10202	11
10203	11
10204	11
10205	11
10207	11
10210	11
10216	11
10222	7
10222	11
10223	7
10223	11
10227	11
10234	11
10235	11
10236	11
10237	11
10238	11
10239	7
10239	11
10240	11
10241	7
10241	11
10252	11
10253	11
10255	11
10256	11
10259	11
10261	11
10267	7
10267	11
10268	11
10269	11
10270	11
10271	11
10272	11
10273	11
10274	11
10275	11
10276	11
10277	11
10278	7
10278	11
10279	11
10281	11
10282	7
10282	11
10283	11
10284	11
10285	11
10286	11
10287	11
10288	11
10289	11
10290	11
10291	11
10292	11
10293	11
10294	11
10295	7
10295	11
10296	7
10296	11
10297	11
10298	11
10299	11
10300	11
10301	11
10302	11
10303	11
10304	11
10305	11
10306	11
10307	11
10308	11
10309	11
10310	11
10311	11
10312	11
10313	11
10314	11
10315	11
10316	11
10317	11
10318	11
10319	11
10320	11
10321	11
10322	11
10323	7
10323	11
10324	11
10325	7
10325	8
10325	11
10326	11
10328	11
10332	11
10333	11
10335	11
10338	11
10340	11
10341	11
10342	11
10344	11
10351	7
10359	4
10359	5
10359	10
10359	11
10360	11
10364	7
10368	11
10370	11
10371	11
10372	11
10373	11
10374	11
10375	11
10376	11
10377	5
10377	7
10377	8
10377	11
10378	4
10378	7
10378	10
10378	11
10383	7
10383	10
10384	11
10385	11
10386	11
10387	11
10399	4
10399	7
10399	9
10399	10
10399	11
10400	9
10400	11
10401	11
10404	11
10407	11
10418	11
10419	11
10420	11
10421	11
10422	11
10423	11
10424	11
10425	11
10426	11
10427	11
10428	11
10429	11
10430	11
10431	11
10432	11
10433	11
10434	11
10435	11
10436	11
10437	11
10438	11
10439	11
10440	11
10441	11
10442	11
10443	11
10444	11
10445	11
10446	11
10447	11
10448	11
10449	11
10450	11
10451	11
10452	11
10453	11
10454	11
10455	11
10456	11
10457	11
10458	11
10459	11
10460	11
10461	11
10462	11
10463	11
10464	11
10465	11
10466	11
10467	11
10468	11
10469	11
10470	11
10471	11
10472	11
10473	11
10474	11
10475	11
10476	11
10480	11
10482	11
10483	11
10484	11
10485	11
10487	11
10488	11
10489	11
10490	11
10491	11
10492	11
10493	11
10494	11
10495	11
10496	11
10497	11
10499	11
10500	11
10505	11
10506	11
10528	11
10529	11
10530	11
10531	5
10531	6
10531	7
10531	11
10532	11
10533	11
10534	11
10535	11
10536	11
10537	11
10539	11
10543	11
10544	11
10546	11
10562	11
10563	11
10567	11
10568	11
10570	11
10571	11
10572	11
10573	11
10574	11
10578	5
10578	8
10578	11
10579	11
10580	11
10581	11
10582	11
10583	11
10585	11
10590	11
10591	11
10593	11
10594	11
10597	11
10598	11
10599	11
10602	11
10603	11
10607	11
10608	5
10608	6
10608	8
10608	11
10612	11
10613	11
10614	11
10638	11
10663	11
10665	11
10666	11
10667	11
10668	11
10669	11
10670	11
10671	11
10672	11
10673	11
10677	11
10678	11
10679	11
10680	11
10681	11
10683	11
10684	11
10687	11
10690	11
10691	11
10692	11
10693	11
10703	11
10708	7
10712	11
10713	11
10719	11
10720	7
10728	11
10732	11
10733	11
10735	11
10736	11
10749	11
10754	11
10755	11
10756	11
10771	7
10771	11
10778	11
10779	11
10790	11
10791	11
10792	11
10793	11
10800	11
10801	11
10803	11
10804	9
10821	7
10826	7
10829	7
10829	11
10834	11
10841	7
10841	11
10842	11
10843	11
10844	11
10845	11
10846	11
10847	11
10849	11
10850	11
10851	11
10853	11
10854	11
10855	11
10856	11
10858	11
10859	11
10860	11
10862	11
10863	11
10866	11
10867	11
10868	11
10870	11
10871	11
10873	11
10874	11
10875	11
10877	11
10878	11
10879	11
10881	11
10883	11
10884	11
10885	11
10887	11
10889	11
10891	11
10892	11
10893	11
10894	11
10896	11
10897	11
10898	11
10899	11
10900	11
10901	11
10902	11
10904	11
10905	11
10908	11
10910	11
10911	11
10913	11
10917	11
10918	11
10920	11
10921	11
10922	11
10923	11
10925	11
10926	11
10927	11
10929	11
10930	11
10932	11
10933	11
10936	11
10937	11
10938	11
10939	11
10940	11
10941	11
10943	11
10945	11
10946	11
10947	11
10948	11
10949	11
10950	11
10951	11
10952	11
10954	11
10955	11
10956	11
10960	11
10961	11
10963	4
10963	5
10963	6
10963	7
10963	8
10963	10
10963	11
10964	11
10965	11
10966	11
10967	11
10968	11
10969	11
10970	11
10971	11
10972	11
10973	11
10977	11
10979	11
10980	11
10981	11
10982	11
10985	11
10987	11
10988	11
10990	11
10993	11
10994	11
10995	11
10996	11
10997	11
10998	11
10999	4
10999	10
10999	11
11000	11
11001	11
11002	11
11003	11
11004	11
11005	11
11006	4
11006	5
11006	6
11006	7
11006	8
11006	10
11006	11
11007	11
11008	11
11009	11
11010	11
11011	11
11013	11
11014	11
11015	11
11016	11
11017	11
11018	11
11019	11
11020	11
11021	11
11024	11
11025	11
11026	11
11027	11
11028	11
11029	11
11031	11
11032	11
11034	11
11036	11
11037	11
11038	11
11041	11
11043	4
11043	6
11043	7
11043	10
11043	11
11044	11
11045	11
11046	11
11047	11
11049	11
11050	11
11051	11
11052	11
11054	11
11055	11
11056	11
11057	11
11058	11
11060	11
11061	11
11062	11
11063	11
11065	11
11066	11
11067	4
11067	6
11067	7
11067	10
11067	11
11068	11
11069	11
11070	11
11071	11
11073	11
11074	11
11075	11
11076	11
11077	11
11078	11
11080	11
11081	11
11082	11
11083	11
11085	11
11086	11
11088	4
11088	6
11088	7
11088	10
11088	11
11089	11
11090	11
11091	11
11092	11
11093	11
11094	11
11095	11
11096	11
11098	11
11099	11
11100	11
11101	11
11102	11
11103	11
11104	11
11105	11
11106	11
11107	11
11108	11
11109	11
11111	11
11112	11
11114	11
11147	7
11155	11
11162	11
11163	11
11164	11
11166	11
11167	11
11168	11
11169	11
11170	11
11171	11
11172	11
11173	11
11174	11
11175	11
11178	11
11179	11
11180	11
11181	11
11182	11
11184	11
11185	11
11187	11
11188	11
11189	11
11190	11
11191	11
11192	11
11193	11
11194	11
11195	11
11209	11
11215	11
11216	11
11217	11
11232	7
11236	11
11240	11
11241	11
11251	11
11262	11
11270	11
11283	11
11285	11
11288	11
11305	11
11309	11
11310	11
11312	11
11314	11
11315	7
11315	11
11319	11
11321	11
11323	11
11327	11
11333	11
11335	11
11337	11
11338	11
11341	11
11349	11
11350	11
11351	11
11352	11
11353	11
11354	11
11355	11
11356	11
11357	11
11359	11
11360	11
11361	11
11362	11
11363	11
11364	11
11365	11
11366	11
11367	11
11368	11
11369	11
11370	11
11371	11
11372	11
11373	11
11374	11
11375	11
11376	11
11377	11
11378	11
11380	11
11381	11
11382	11
11383	11
11384	11
11385	11
11386	11
11387	11
11388	11
11389	11
11390	11
11393	11
11394	11
11395	11
11396	11
11399	11
11400	11
11401	11
11402	11
11403	11
11404	11
11405	11
11406	11
11407	11
11408	11
11409	11
11410	11
11411	11
11412	11
11413	11
11414	11
11415	11
11416	11
11417	11
11418	11
11419	11
11420	11
11421	11
11422	11
11423	11
11424	11
11425	11
11426	11
11427	11
11428	11
11429	11
11431	11
11432	11
11433	11
11434	11
11435	11
11437	11
11438	11
11439	11
11440	11
11441	11
11442	11
11443	11
11444	11
11445	11
11446	11
11447	11
11448	11
11449	11
11450	11
11452	11
11453	11
11454	11
11455	11
11456	11
11457	11
11458	11
11459	11
11460	11
11461	11
11462	11
11463	11
11464	11
11465	11
11466	11
11469	11
11472	11
11473	11
11474	11
11475	11
11476	11
11477	11
11479	11
11480	11
11481	11
11482	11
11483	11
11487	11
11488	11
11489	11
11490	11
11491	11
11494	11
11495	11
11496	11
11497	11
11498	11
11499	11
11500	11
11501	11
11502	11
11503	11
11504	11
11505	11
11506	11
11507	11
11508	11
11509	11
11510	11
11511	11
11512	11
11513	11
11514	11
11515	11
11516	11
11517	11
11518	11
11519	11
11520	11
11521	11
11522	11
11523	11
11524	11
11525	11
11527	11
11528	11
11529	11
11530	11
11531	11
11532	11
11533	11
11534	11
11535	11
11536	11
11537	11
11538	11
11540	11
11541	11
11542	11
11543	11
11544	11
11545	11
11546	11
11547	11
11548	11
11549	11
11550	11
11551	11
11552	11
11553	11
11554	11
11555	11
11556	11
11557	11
11558	11
11559	11
11560	11
11561	11
11562	11
11563	11
11564	11
11565	11
11566	11
11567	11
11568	11
11569	11
11570	11
11571	11
11572	11
11573	11
11574	11
11575	11
11576	11
11577	11
11578	11
11579	11
11580	11
11581	11
11582	11
11583	11
11584	11
11585	11
11586	11
11587	11
11588	11
11591	11
11592	11
11593	11
11594	11
11595	11
11596	11
11597	11
11598	11
11599	11
11600	11
11601	11
11602	11
11603	11
11605	11
11606	11
11607	11
11608	11
11609	11
11610	11
11611	11
11612	11
11613	11
11614	11
11615	11
11616	11
11617	11
11618	11
11619	11
11620	11
11621	11
11622	11
11623	11
11624	11
11625	11
11626	11
11627	11
11629	11
11630	11
11631	11
11632	11
11633	11
11634	11
11635	11
11636	11
11637	11
11639	11
11640	11
11641	11
11642	11
11643	11
11644	11
11645	11
11646	11
11647	11
11648	11
11649	11
11650	11
11651	11
11653	11
11654	11
11655	11
11656	11
11657	11
11658	11
11659	11
11661	11
11662	11
11663	11
11664	11
11665	11
11667	11
11668	11
11669	11
11670	11
11671	11
11672	11
11673	11
11674	11
11675	11
11676	11
11677	11
11678	11
11679	11
11680	11
11681	11
11682	11
11683	11
11684	11
11685	11
11686	11
11687	11
11688	11
11691	11
11692	11
11693	11
11694	11
11695	11
11696	11
11697	11
11698	11
11699	11
11700	11
11701	11
11702	11
11703	11
11704	11
11705	11
11706	11
11707	11
11708	11
11709	11
11710	11
11711	11
11713	11
11715	11
11716	11
11717	11
11718	11
11719	11
11720	11
11721	11
11722	11
11723	11
11724	11
11726	11
11727	11
11728	11
11729	11
11730	11
11731	11
11732	11
11733	11
11734	11
11735	11
11736	11
11737	11
11738	11
11740	11
11741	11
11742	11
11743	11
11744	11
11745	11
11746	11
11747	11
11748	11
11749	11
11750	11
11751	11
11752	11
11753	11
11757	11
11758	11
11759	11
11760	11
11761	11
11762	11
11763	11
11764	11
11765	11
11766	11
11777	11
11779	11
11790	11
11791	11
11800	11
11801	11
11802	11
11803	11
11807	11
11811	11
11814	11
11815	11
11826	11
11828	11
11830	11
11831	11
11832	11
11833	11
11835	11
11836	11
11843	11
11844	11
11846	11
11851	11
11852	11
11854	11
11856	11
11857	11
11869	11
11889	11
11894	11
11895	11
11896	11
11897	11
11898	11
11899	11
11901	11
11916	11
11937	11
11938	11
11939	11
11942	11
11944	11
11945	11
11977	11
11978	11
11979	11
11981	11
11985	11
11986	11
11992	11
11996	11
12002	11
12004	11
12006	11
12012	11
12022	11
12042	11
12043	11
12050	11
12051	11
12052	11
12056	11
12065	11
12071	11
12073	11
12074	11
12075	11
12076	11
12086	11
12096	11
12097	11
12098	11
12100	11
12108	11
12110	11
12111	11
12112	11
12126	11
12130	11
12131	11
12134	11
12142	11
12144	11
12146	11
12148	11
12154	11
12155	11
12163	11
12164	11
12165	11
12166	11
12169	11
12170	11
12171	11
12172	11
12173	11
12174	11
12175	11
12176	11
12177	11
12178	11
12179	11
12180	11
12181	11
12182	11
12183	11
12184	11
12185	11
12186	11
12187	11
12188	11
12189	11
12190	11
12191	11
12192	11
12193	11
12194	11
12195	11
12196	11
12197	11
12198	11
12199	11
12200	11
12201	11
12202	11
12203	11
12204	11
12205	11
12206	11
12207	11
12208	11
12209	11
12210	11
12211	11
12212	11
12213	11
12214	11
12215	11
12216	11
12217	11
12218	11
12219	11
12220	11
12221	11
12222	11
12223	11
12224	11
12225	11
12226	11
12227	11
12228	11
12229	11
12230	11
12232	11
12233	11
12234	11
12235	11
12236	11
12237	11
12238	11
12239	11
12240	11
12241	11
12242	11
12243	11
12244	11
12245	7
12245	11
12246	11
12247	11
12248	11
12249	11
12250	11
12251	11
12252	11
12253	11
12254	11
12255	11
12256	11
12257	11
12258	11
12259	11
12260	11
12261	11
12262	11
12263	11
12264	11
12265	11
12266	11
12267	11
12268	11
12269	11
12270	11
12271	11
12272	11
12273	11
12274	11
12275	11
12276	11
12277	11
12278	11
12279	11
12280	11
12281	11
12282	11
12283	11
12284	11
12285	11
12286	11
12287	11
12295	11
12300	11
12303	11
12306	7
12401	11
12402	11
12403	11
12407	11
12408	11
12409	11
12410	11
12411	11
12412	11
12413	11
12414	11
12416	11
12417	11
12418	11
12420	11
12426	11
12427	11
12428	11
12429	11
12431	11
12433	11
12434	11
12435	11
12438	11
12440	11
12446	11
12451	11
12454	11
12463	11
12467	11
12468	11
12472	11
12473	11
12474	11
12475	11
12476	11
12478	11
12479	11
12480	11
12482	11
12483	11
12486	7
12486	11
12490	11
12491	11
12492	11
12493	11
12494	11
12496	11
12507	11
12508	11
12509	7
12509	11
12510	11
12511	11
12512	11
12513	11
12514	11
12515	11
12516	11
12517	11
12518	11
12519	11
12520	11
12521	11
12522	11
12524	11
12525	11
12526	11
12527	11
12528	11
12529	11
12530	11
12531	11
12532	11
12533	11
12534	11
12535	11
12536	11
12539	11
12541	11
12542	11
12543	11
12544	11
12545	11
12546	11
12547	11
12548	11
12549	11
12550	11
12551	11
12552	11
12553	11
12554	11
12555	11
12556	11
12557	11
12558	11
12559	11
12560	11
12561	11
12562	11
12563	11
12564	11
12565	11
12566	11
12567	11
12568	11
12569	11
12570	11
12571	11
12572	11
12573	11
12574	11
12575	11
12576	11
12577	11
12578	11
12579	11
12580	11
12581	11
12582	11
12583	11
12584	11
12585	11
12586	11
12587	11
12588	11
12589	11
12590	11
12591	11
12592	11
12593	11
12594	11
12595	11
12597	11
12598	11
12600	11
12601	11
12602	11
12603	11
12604	11
12605	11
12606	11
12607	11
12608	11
12609	11
12610	11
12611	11
12612	11
12613	11
12614	11
12615	11
12616	11
12617	11
12618	11
12619	11
12620	11
12621	11
12622	11
12623	11
12624	11
12625	11
12626	11
12627	11
12628	11
12629	11
12630	11
12631	11
12632	11
12633	11
12634	11
12635	11
12636	11
12637	11
12638	11
12639	11
12640	11
12641	11
12642	11
12643	11
12644	11
12645	11
12646	11
12647	11
12648	11
12649	11
12650	11
12651	11
12652	11
12653	11
12654	11
12655	11
12656	11
12657	11
12658	11
12659	11
12660	11
12661	11
12662	11
12663	11
12664	11
12665	11
12666	11
12667	11
12668	11
12669	11
12670	11
12671	11
12672	11
12673	11
12674	11
12675	11
12676	11
12677	11
12678	11
12679	11
12680	11
12681	11
12682	11
12683	11
12684	11
12685	11
12686	11
12687	11
12688	11
12689	11
12690	11
12691	11
12692	11
12693	11
12694	11
12695	11
12696	11
12697	11
12698	11
12699	11
12700	11
12701	11
12702	11
12704	11
12705	11
12706	11
12707	11
12708	11
12709	11
12710	11
12711	11
12712	11
12713	11
12714	11
12715	11
12716	11
12717	11
12718	11
12719	11
12720	11
12721	11
12722	11
12723	11
12724	11
12725	11
12726	11
12727	11
12728	11
12729	11
12730	11
12731	11
12732	11
12733	11
12734	11
12735	11
12736	11
12737	11
12738	11
12739	11
12740	11
12741	11
12742	11
12743	11
12744	11
12745	11
12746	11
12747	11
12748	11
12749	11
12750	11
12751	11
12752	11
12753	11
12754	11
12755	11
12756	11
12757	11
12758	11
12759	11
12760	11
12761	11
12762	11
12763	11
12764	11
12765	11
12766	11
12767	11
12768	11
12769	11
12770	11
12771	11
12773	11
12774	11
12775	11
12776	11
12777	11
12778	11
12779	11
12780	11
12781	11
12782	11
12783	11
12784	11
12785	11
12786	11
12787	11
12788	11
12789	11
12790	11
12791	11
12792	11
12794	11
12795	11
12796	5
12796	7
12796	8
12796	11
12797	11
12798	11
12799	11
12800	11
12801	11
12802	11
12803	11
12804	11
12805	11
12806	11
12807	11
12808	11
12809	11
12810	11
12811	11
12812	11
12813	11
12814	11
12815	11
12816	11
12817	11
12818	11
12819	11
12820	11
12821	11
12822	11
12823	11
12824	11
12825	11
12826	11
12827	11
12828	11
12829	11
12830	11
12831	11
12832	11
12833	11
12834	11
12835	11
12836	11
12837	11
12838	11
12839	11
12840	11
12841	11
12842	11
12843	11
12844	11
12845	11
12846	11
12847	11
12848	11
12849	11
12850	11
12851	11
12852	11
12853	11
12854	11
12855	11
12856	11
12857	11
12858	11
12859	11
12860	11
12862	11
12863	11
12864	11
12865	11
12866	11
12867	11
12868	11
12869	11
12870	11
12871	11
12872	11
12873	11
12874	11
12875	11
12876	11
12877	11
12878	11
12879	11
12880	11
12881	11
12882	11
12883	11
12884	11
12885	11
12886	11
12887	11
12888	11
12889	11
12890	11
12891	11
12892	11
12893	11
12894	11
12895	11
12896	11
12897	11
12898	11
12899	11
12900	11
12901	11
12902	11
12903	11
12904	11
12905	11
12906	11
12907	11
12908	11
12909	11
12910	11
12911	11
12912	11
12913	11
12914	11
12915	11
12916	11
12917	11
12918	11
12919	11
12920	11
12921	11
12922	11
12923	11
12924	11
12926	11
12927	11
12928	11
12929	11
12930	11
12931	11
12932	11
12933	11
12936	11
12937	11
12938	11
12939	11
12940	11
12941	11
12942	11
12943	11
12944	11
12945	11
12946	11
12947	11
12948	11
12949	11
12950	11
12952	11
12953	11
12957	11
12958	11
12959	11
12960	11
12961	11
12962	11
12963	11
12964	11
12965	11
12969	11
12971	4
12971	5
12971	8
12971	9
12971	10
12971	11
12974	11
12975	11
12979	11
12980	11
12981	11
12982	11
12983	11
12984	11
12985	11
12986	11
12987	11
12988	5
12988	7
12988	8
12988	11
12991	11
12992	11
12994	11
12995	11
12996	11
12997	11
12998	11
12999	11
13000	11
13021	11
13025	11
13032	11
13033	11
13034	11
13038	11
13039	11
13040	11
13041	11
13043	11
13044	11
13045	11
13046	11
13050	11
13051	11
13052	7
13065	11
13067	11
13069	11
13073	7
13073	11
13075	7
13075	11
13076	11
13085	11
13086	11
13087	11
13088	11
13089	11
13090	11
13091	11
13092	11
13093	7
13093	11
13098	11
13099	11
13103	11
13105	11
13106	11
13107	11
13108	11
13109	11
13110	11
13111	11
13113	11
13122	11
13127	11
13128	11
13131	11
13132	11
13133	11
13143	11
13144	11
13145	11
13146	11
13147	11
13148	11
13149	11
13150	11
13151	11
13152	11
13153	11
13154	11
13155	11
13156	11
13157	11
13160	11
13162	11
13165	11
13166	11
13167	11
13175	11
13200	11
13202	11
13203	11
13206	11
13216	11
13219	7
13225	7
13234	11
13237	11
13775	11
13779	7
13784	7
13784	11
13786	11
13787	11
13794	11
13795	11
13800	7
13800	11
13803	11
13808	11
13818	11
13819	11
13830	11
13832	11
13874	11
13875	11
13878	11
13879	11
13880	11
13883	11
13884	11
13951	11
13952	11
13953	11
13964	11
13968	7
13968	11
13969	11
13972	11
13973	11
13993	11
13995	11
14009	7
14009	11
14010	11
14011	11
14012	11
14013	11
14014	11
14015	11
14022	11
14023	11
14026	11
14028	11
14044	7
14044	11
14046	7
14046	11
14065	11
14068	11
14069	11
14071	11
14072	11
14073	11
14074	5
14074	6
14074	8
14074	11
14075	11
14081	11
14082	4
14082	9
14082	11
14083	11
14085	11
14086	11
14089	11
14093	11
14094	7
14102	11
14104	11
14105	11
14107	11
14110	11
14116	11
14118	11
14119	11
14120	11
14121	11
14122	11
14123	11
14124	11
14125	11
14126	11
14127	11
14128	11
14129	11
14130	11
14131	11
14132	11
14147	11
14150	4
14150	5
14150	6
14150	7
14150	8
14150	10
14150	11
14158	11
14159	11
14160	11
14161	11
14162	11
14168	11
14169	11
14170	11
14171	11
14172	11
14173	11
14174	11
14181	11
14182	11
14183	11
14184	11
14186	11
14197	11
14201	11
14202	11
14208	11
14216	11
14219	11
14220	11
14221	11
14222	11
14223	11
14224	5
14224	6
14224	7
14224	8
14224	11
14225	5
14225	7
14225	11
14239	11
14240	11
14241	11
14246	11
14248	11
14251	11
14252	11
14290	5
14290	11
14291	11
14295	11
14296	11
14297	11
14298	11
14299	11
14300	11
14306	11
14312	11
14314	11
14315	11
14317	11
14318	11
14320	11
14321	11
14322	11
14323	11
14324	11
14331	4
14331	7
14331	10
14332	7
14332	11
14333	11
14334	11
14335	7
14338	10
14338	11
14339	11
14340	9
14350	4
14351	4
14377	11
14382	11
14383	11
14384	11
14385	7
14386	11
14394	11
14409	11
14412	4
14412	5
14412	6
14412	7
14412	8
14412	10
14412	11
14417	11
14426	11
14427	11
14429	11
14441	11
14444	11
14445	11
14453	11
14456	11
14465	11
14469	11
14470	11
14471	11
14472	11
14477	11
14478	11
14480	11
14481	11
14493	11
14494	11
14495	11
14496	11
14497	11
14498	11
14499	11
14500	11
14501	11
14502	11
14503	11
14507	11
14508	11
14509	11
14510	11
14511	11
14512	11
14513	11
14514	11
14515	11
14516	11
14517	11
14519	11
14520	11
14521	11
14536	7
14536	11
14539	11
14541	11
14543	7
14548	7
14553	11
14554	11
14558	11
14559	11
14560	11
14564	11
14588	11
14598	11
14602	11
14626	11
14645	11
14646	11
14655	11
14656	11
14657	11
14658	11
14659	11
14660	11
14661	11
14662	11
14663	11
14664	11
14665	11
14666	11
14667	11
14668	11
14669	11
14670	11
14671	11
14672	11
14673	11
14674	11
14675	11
14676	11
14677	11
14678	11
14679	11
14680	11
14681	11
14682	11
14683	11
14684	11
14685	11
14686	11
14687	11
14688	11
14733	7
14733	11
14747	7
14747	11
14757	7
14761	11
14762	11
14771	11
14772	11
14773	11
14774	11
14775	11
14776	11
14777	11
14778	11
14779	11
14780	7
14780	11
14781	11
14808	11
14812	11
14813	11
14814	11
14815	11
14816	11
14817	7
14817	11
14818	11
14823	11
14828	11
14830	11
14832	11
14840	7
14862	7
14862	11
14873	7
14876	7
14876	11
14891	11
14892	11
14893	11
14894	11
14899	7
14921	11
14923	7
14930	7
14938	11
14942	7
14953	7
14954	11
14971	11
14972	11
14975	11
14991	7
15011	11
15026	11
15030	7
15047	11
15048	11
15052	11
15058	11
15059	11
15060	11
15061	11
15062	11
15063	11
15064	11
15065	11
15066	11
15068	7
15072	7
15074	7
15083	11
15084	7
15099	11
15137	11
15140	11
15143	11
15144	11
15145	11
15146	11
15147	11
15148	11
15149	11
15150	11
15151	11
15152	7
15153	11
15154	11
15155	11
15156	11
15157	11
15161	11
15164	11
15183	11
15185	11
15191	7
15216	11
15219	11
15220	11
15221	11
15223	7
15223	11
15224	11
15226	7
15226	11
15227	11
15228	11
15237	11
15272	11
15273	11
15286	7
15286	11
15287	11
15288	11
15289	11
15318	7
15320	11
15321	11
15323	11
15332	11
15336	7
15339	11
15341	11
15342	11
15376	11
15406	11
15457	7
15457	11
15464	7
15464	11
15484	11
15485	11
15486	11
15778	11
15785	11
15792	7
15792	11
15798	11
15802	7
15868	7
15900	11
15901	11
15937	11
15961	7
15987	7
15993	11
16004	4
16004	7
16004	10
16004	11
16005	11
16046	11
16076	11
16108	7
16134	11
16135	11
16200	7
16214	11
16217	11
16226	7
16250	11
16256	7
16264	11
16265	11
16266	11
16267	11
16268	11
16269	11
16281	7
16306	6
16306	7
16307	7
16307	11
16309	11
16310	11
16317	11
16318	11
16319	11
16320	11
16328	11
16339	11
16350	11
16351	11
16352	11
16353	11
16354	11
16355	11
16356	11
16357	11
16358	11
16359	11
16360	11
16361	11
16362	11
16363	11
16364	11
16365	11
16373	9
16572	11
16591	11
16595	5
16595	11
16647	11
16682	11
16683	11
16684	11
16688	11
16737	11
16751	11
16753	11
16755	11
16757	11
16780	11
16787	11
16792	7
16792	10
16792	11
16794	7
16794	11
16795	11
16796	11
16797	11
16800	7
16823	11
16824	11
16825	11
16838	11
16839	11
16855	11
16856	11
16857	11
16858	11
16861	11
16863	7
16869	11
16870	11
16871	11
16872	11
16873	11
16874	11
16875	11
16877	11
16878	11
16901	7
16906	11
16937	11
16996	11
17004	7
17004	11
17020	7
17022	11
17023	11
17024	11
17042	11
17060	7
17068	11
17083	11
17085	11
17097	11
17100	11
17108	11
17109	11
17112	11
17114	11
17115	11
17116	11
17127	11
17128	11
17129	11
17135	11
17136	11
17151	11
17163	11
17164	11
17165	11
17166	11
17192	11
17193	11
17194	11
17196	11
17197	11
17202	11
17269	11
17270	11
17272	11
17302	11
17304	11
17306	11
17310	11
17311	11
17312	11
17313	11
17316	11
17317	11
17318	11
17319	11
17320	11
17363	11
17364	11
17388	11
17389	11
17390	11
17420	11
17421	11
17422	11
17446	11
17447	11
17449	11
17450	11
17451	11
17457	11
17468	11
17469	11
17471	11
17472	11
17474	11
17475	11
17484	11
17487	11
17490	11
17499	11
17501	11
17502	11
17565	11
17566	11
17660	11
17663	11
17664	11
17665	11
17668	11
17674	11
17829	11
17830	11
17831	11
17832	11
17833	11
17834	11
17835	11
17836	11
17846	11
17847	11
17859	11
17860	11
17866	11
17867	11
17869	11
17875	11
17876	11
17877	11
17989	11
17990	11
17991	11
17992	11
18000	11
18009	11
18011	11
18024	11
18059	11
18060	11
18102	11
18103	11
18104	11
18105	11
18132	11
18151	11
18200	11
18201	11
18204	11
18232	11
18233	11
18272	11
18274	11
18389	11
18407	11
18412	11
18413	11
18414	11
18415	7
18415	11
18416	11
18418	11
18419	11
18431	11
18434	9
18434	11
18437	11
18447	11
18448	11
18453	11
18501	11
18515	11
18547	11
18879	7
19008	11
19009	11
19010	11
19011	7
19019	11
19026	11
19027	11
19028	11
19031	11
19032	11
19049	11
19050	11
19054	7
19054	11
19057	11
19084	11
19085	11
19086	11
19087	11
19088	11
19089	11
19247	11
19248	11
19249	11
19372	11
19375	7
19375	11
19393	5
19393	8
19393	11
19405	11
19426	11
19427	11
19428	11
19435	11
19438	11
19439	11
19440	11
19441	11
19442	11
19443	7
19443	11
19445	11
19446	11
19448	11
19452	7
19452	11
19463	11
19464	11
19470	11
19471	11
19472	11
19475	11
19477	11
19478	11
19479	11
19480	11
19481	11
19510	11
19511	11
19512	11
19515	11
19516	11
19517	11
19518	11
19522	11
19523	7
19531	11
19536	11
19538	11
19541	11
19542	11
19543	11
19544	11
19545	11
19548	7
19550	11
19551	11
19555	11
19556	11
19558	11
19559	11
19560	11
19561	11
19562	7
19562	11
19563	11
19564	11
19565	11
19566	11
19567	11
19568	11
19569	11
19570	11
19571	11
19572	11
19573	11
19574	11
19575	11
19576	11
19577	11
19578	11
19579	11
19580	11
19581	11
19582	11
19583	11
19584	11
19585	11
19586	11
19587	11
19588	11
19589	11
19590	11
19591	11
19592	11
19593	11
19594	11
19595	11
19596	11
19597	11
19598	11
19599	11
19600	11
19601	11
19603	4
19603	10
19603	11
19623	11
19624	11
19625	11
19626	11
19635	11
19636	11
19637	11
19638	11
19639	11
19640	11
19642	11
19649	11
19650	11
19651	7
19651	11
19652	11
19654	11
19656	11
19660	11
19673	11
19675	7
19676	11
19685	11
19686	11
19687	11
19688	11
19689	11
19695	11
19696	11
19697	11
19700	11
19709	11
19710	11
19711	11
19712	11
19713	11
19714	11
19720	11
19721	11
19722	11
19723	11
19724	11
19725	11
19726	11
19727	11
19728	11
19729	11
19730	11
19731	11
19732	11
19733	11
19734	11
19735	11
19736	11
19737	11
19738	11
19739	11
19740	11
19741	11
19742	11
19743	11
19744	11
19745	11
19746	11
19747	11
19748	11
19750	11
19761	11
19765	11
19766	11
19767	11
19768	11
19769	11
19770	11
19771	11
19778	11
19779	11
19780	11
19781	11
19791	11
19792	11
19793	11
19794	11
19798	11
19799	11
19800	11
19801	11
19802	11
19803	11
19804	11
19805	11
19806	11
19807	11
19808	7
19808	11
19810	11
19813	7
19813	11
19814	11
19815	11
19817	11
19818	11
19819	11
19820	11
19821	11
19822	11
19823	11
19824	11
19825	11
19897	11
19902	11
19903	11
19904	11
19905	11
19906	11
19907	11
19913	11
19917	11
19918	11
19919	11
19921	7
19925	7
19929	11
19930	11
19931	11
19932	7
19932	11
19933	11
19935	11
19936	7
19943	11
19948	11
19949	11
19950	11
19953	7
19953	11
19954	11
19956	7
19957	11
19958	11
19962	7
19963	11
19964	11
19965	11
19966	11
19967	7
19967	11
19968	11
19970	11
19971	11
19996	11
20049	11
20050	4
20050	7
20050	11
20056	11
20062	11
20063	11
20064	11
20065	11
20066	11
20067	11
20071	11
20076	11
20077	11
20078	11
20079	11
20080	11
20081	11
20082	11
20096	11
20097	11
20098	11
20099	11
20100	11
20101	11
20111	11
20112	11
20115	11
20116	11
20117	11
20118	11
20119	11
20120	11
20121	11
20128	11
20139	11
20141	11
20147	7
20147	11
20148	11
20149	11
20150	11
20151	11
20152	11
20153	11
20154	11
20155	11
20156	11
20157	11
20158	7
20163	11
20165	11
20166	11
20167	11
20168	11
20169	11
20170	11
20171	11
20172	11
20173	11
20174	11
20175	11
20176	11
20177	11
20178	11
20179	11
20180	11
20181	11
20182	11
20183	11
20184	11
20185	11
20186	11
20187	11
20188	11
20189	11
20190	11
20191	11
20192	11
20193	11
20194	11
20195	11
20196	11
20197	11
20198	11
20200	11
20201	11
20202	11
20204	11
20205	11
20206	11
20207	11
20208	11
20209	11
20211	11
20212	11
20213	11
20214	11
20215	7
20215	11
20216	11
20217	11
20219	11
20220	11
20221	11
20222	11
20223	11
20224	11
20225	11
20226	11
20227	11
20228	11
20230	11
20232	11
20233	11
20236	7
20236	11
20237	11
20238	11
20239	11
20240	11
20241	11
20242	11
20243	11
20244	11
20245	11
20246	11
20247	11
20248	11
20253	11
20254	11
20255	11
20256	11
20257	11
20258	11
20259	11
20260	11
20261	11
20262	11
20263	11
20264	11
20265	11
20266	11
20267	11
20268	11
20269	11
20270	11
20271	11
20272	11
20273	11
20274	11
20275	11
20276	11
20278	11
20280	11
20281	11
20282	11
20283	11
20284	11
20285	11
20286	11
20287	11
20288	11
20289	11
20290	11
20292	11
20293	11
20294	11
20295	11
20296	11
20297	11
20298	11
20299	11
20300	11
20301	11
20309	11
20310	11
20311	11
20312	11
20313	11
20320	7
20320	11
20330	7
20345	7
20345	11
20346	11
20347	11
20348	11
20349	7
20358	11
20359	11
20360	11
20361	11
20362	11
20363	11
20368	11
20382	6
20382	7
20382	11
20384	11
20394	11
20400	11
20401	11
20402	11
20405	11
20407	11
20408	11
20409	7
20409	11
20410	11
20411	11
20412	11
20413	11
20414	11
20415	11
20416	7
20416	11
20417	11
20418	11
20419	11
20421	11
20422	11
20424	11
20425	11
20434	11
20435	11
20436	11
20445	11
20451	11
20458	11
20459	11
20465	11
20466	11
20471	7
20471	11
20472	11
20473	11
20474	7
20474	11
20475	11
20476	11
20477	6
20477	7
20477	11
20478	11
20479	11
20480	11
20481	11
20482	11
20483	7
20483	11
20484	11
20485	7
20485	11
20497	11
20503	11
20511	11
20514	11
20515	11
20516	11
20517	11
20529	11
20530	5
20530	7
20530	11
20531	11
20532	11
20533	7
20533	11
20534	7
20534	11
20535	7
20535	11
20536	7
20536	11
20538	5
20538	7
20538	11
20539	7
20539	11
20545	11
20548	11
20549	11
20552	11
20558	11
20559	11
20560	7
20567	11
20568	11
20586	11
20587	11
20588	11
20589	11
20590	11
20641	7
20662	11
20663	11
20664	11
20665	11
20669	11
20670	11
20689	7
20689	11
20690	11
20691	11
20712	11
20722	7
20722	11
20723	11
20724	11
20725	7
20725	11
20726	11
20727	11
20728	7
20728	11
20730	11
20737	11
20746	11
20747	11
20749	7
20749	11
20758	11
20762	11
20763	11
20764	11
20767	11
20773	7
20773	11
20775	7
20786	7
20802	7
20802	11
20808	11
20818	11
20820	11
20824	11
20825	11
20837	11
20838	11
20840	11
20841	11
20855	11
20865	11
20866	7
20867	11
20868	11
20869	11
20870	11
20878	7
20878	11
20886	11
20898	11
20899	11
20905	11
20906	11
20911	11
20912	11
20913	11
20915	11
20916	11
20917	11
20918	11
20919	11
20920	11
20922	11
20923	11
20924	11
20929	11
20930	11
20931	11
20932	11
20933	11
20934	11
20935	11
20936	11
20937	11
20938	11
20939	11
20956	11
20957	11
20959	11
20960	11
20961	11
20962	11
20964	11
20965	11
20966	11
20983	11
20985	11
20986	11
20987	11
20988	11
20989	11
20990	11
20991	11
20992	11
20993	11
20994	11
20995	11
20996	11
20997	11
20998	11
20999	11
21000	11
21001	11
21002	11
21003	11
21004	11
21005	11
21006	11
21007	11
21009	11
21010	11
21011	11
21012	11
21013	11
21014	11
21015	11
21016	11
21017	11
21018	11
21019	11
21020	11
21021	11
21022	11
21023	11
21024	11
21025	11
21026	11
21027	11
21028	11
21029	11
21030	11
21031	11
21032	11
21033	11
21034	11
21035	11
21036	11
21037	11
21038	11
21039	11
21040	11
21041	11
21042	11
21043	11
21044	11
21045	11
21046	11
21047	11
21048	11
21049	11
21050	11
21051	11
21052	11
21053	11
21054	11
21055	11
21056	11
21057	11
21058	11
21059	11
21060	11
21061	11
21062	11
21063	11
21064	11
21065	11
21066	11
21067	11
21068	11
21069	11
21070	11
21071	11
21072	11
21073	11
21074	11
21075	11
21076	11
21077	11
21078	11
21079	11
21080	11
21081	11
21082	11
21083	11
21084	11
21085	11
21086	11
21087	11
21088	11
21089	11
21090	11
21091	11
21092	11
21093	11
21094	11
21095	11
21096	11
21097	11
21098	11
21099	11
21100	11
21101	11
21102	11
21103	11
21104	11
21105	11
21106	11
21107	11
21108	11
21109	11
21110	11
21111	11
21112	11
21113	11
21114	11
21115	11
21116	11
21117	11
21118	11
21119	11
21120	11
21121	11
21122	11
21123	11
21124	11
21125	11
21126	11
21127	11
21128	11
21129	11
21130	11
21131	11
21132	11
21133	11
21134	11
21135	11
21136	11
21137	11
21138	11
21139	11
21140	11
21141	11
21142	11
21143	11
21144	11
21145	11
21146	11
21147	11
21148	11
21149	11
21150	11
21151	11
21152	11
21153	11
21154	11
21155	11
21156	11
21157	11
21158	11
21159	11
21160	11
21161	11
21162	11
21163	11
21165	11
21166	11
21167	11
21168	11
21169	11
21173	11
21174	11
21175	11
21176	11
21177	11
21178	11
21179	11
21180	11
21181	11
21182	11
21183	11
21184	11
21185	11
21186	11
21187	11
21188	11
21189	11
21200	11
21213	11
21215	11
21220	11
21222	11
21223	11
21224	11
21225	11
21226	11
21227	11
21228	11
21230	11
21231	11
21232	11
21266	11
21267	11
21268	11
21269	11
21270	11
21271	11
21273	11
21274	11
21276	11
21277	11
21297	11
21299	11
21300	11
21301	11
21303	11
21304	11
21305	11
21306	11
21307	11
21308	11
21309	11
21310	11
21311	11
21312	11
21313	11
21316	11
21317	11
21318	11
21319	11
21320	11
21321	11
21325	11
21327	11
21329	11
21330	11
21332	11
21333	11
21334	11
21335	11
21337	11
21338	11
21339	11
21340	11
21341	11
21343	11
21344	11
21345	11
21346	11
21347	11
21348	11
21349	11
21350	11
21351	11
21359	11
21360	11
21361	11
21366	11
21367	11
21368	11
21369	11
21370	11
21375	11
21376	11
21378	11
21379	11
21380	11
21381	11
21382	11
21383	11
21384	11
21385	11
21386	11
21387	11
21388	11
21389	11
21390	11
21391	11
21392	11
21395	11
21396	11
21397	11
21398	11
21399	11
21400	11
21401	11
21402	11
21403	11
21404	11
21405	11
21407	11
21408	11
21409	11
21410	11
21411	11
21412	11
21416	11
21423	11
21424	11
21425	11
21426	11
21427	11
21428	11
21429	11
21430	11
21431	11
21432	11
21433	11
21435	11
21436	11
21437	11
21438	11
21442	11
21443	11
21444	11
21445	11
21446	11
21447	11
21448	11
21449	11
21450	11
21451	11
21454	11
21457	11
21458	11
21459	11
21460	11
21461	11
21462	11
21480	11
21481	11
21485	11
21486	11
21487	11
21489	11
21492	11
21495	7
21495	11
21496	5
21496	7
21496	11
21500	11
21505	11
21506	11
21507	11
21513	7
21513	10
21513	11
21515	10
21515	11
21518	11
21520	10
21520	11
21522	11
21523	11
21525	11
21527	11
21528	11
21529	11
21530	11
21531	11
21533	11
21535	11
21537	11
21554	7
21579	11
21580	11
21581	11
21582	11
21583	11
21584	11
21585	11
21586	11
21587	11
21588	11
21589	11
21590	11
21591	11
21592	11
21593	11
21594	11
21596	4
21596	7
21596	11
21597	11
21598	11
21599	11
21601	11
21602	11
21603	11
21604	11
21610	11
21612	11
21613	11
21614	11
21619	11
21620	11
21621	11
21622	11
21634	11
21635	11
21636	11
21637	11
21638	11
21639	7
21639	11
21640	11
21641	11
21642	11
21643	11
21644	11
21645	11
21646	11
21650	11
21651	11
21654	11
21658	11
21659	11
21755	11
21759	11
21767	11
21772	11
21779	11
21780	11
21781	11
21782	11
21783	11
21784	11
21785	11
21800	11
21804	7
21805	7
21808	11
21809	4
21809	5
21809	6
21809	7
21809	8
21809	10
21809	11
21810	11
21811	11
21812	11
21829	7
21850	11
21851	11
21852	11
21853	7
21853	11
21854	7
21854	11
21855	7
21855	11
21858	11
21859	11
21863	7
21863	11
21864	11
21865	11
21866	11
21868	11
21869	11
21870	11
21871	11
21872	11
21873	7
21873	11
21874	7
21874	11
21875	11
21876	11
21877	11
21878	11
21879	11
21880	11
21881	11
21882	11
21883	11
21884	11
21885	11
21886	11
21887	11
21888	11
21889	11
21890	7
21890	11
21891	11
21892	7
21892	11
21893	11
21894	7
21894	11
21895	11
21896	11
21897	11
21898	11
21899	11
21904	7
21911	11
21912	11
21913	11
21914	11
21915	11
21918	11
21938	11
21939	11
21940	11
21941	11
21942	11
21943	11
21947	11
21948	4
21948	7
21948	10
21948	11
21952	11
21953	11
21954	11
21955	11
22041	11
22042	11
22050	11
22051	11
22053	11
22061	11
22068	11
22069	11
22070	11
22071	11
22090	7
22096	11
22099	11
22100	11
22101	11
22102	11
22103	11
22104	11
22105	11
22111	7
22111	11
22161	11
22163	11
22184	11
22205	11
22206	11
22207	11
22324	11
22326	11
22328	11
22329	11
22331	11
22336	11
22337	11
22338	11
22341	11
22342	11
22343	11
22354	11
22355	11
22356	11
22357	11
22364	11
22365	11
22389	11
22390	11
22407	11
22411	11
22412	11
22413	11
22414	11
22420	11
22421	11
22426	11
22427	11
22450	11
22451	11
22452	11
22453	11
22454	11
22455	11
22470	11
22471	11
22480	11
22481	11
22488	11
22489	11
22490	11
22491	11
22492	11
22493	11
22497	11
22498	11
22499	11
22500	11
22501	11
22502	11
22505	11
22506	11
22508	11
22509	11
22510	11
22513	11
22514	11
22521	11
22522	11
22523	11
22525	11
22526	11
22527	11
22528	11
22532	11
22533	11
22534	11
22560	11
22561	11
22562	11
22563	11
22564	11
22565	11
22566	11
22567	11
22571	11
22572	11
22574	11
22575	11
22577	11
22596	11
22597	11
22606	11
22607	11
22610	11
22611	11
22612	11
22613	11
22614	11
22615	11
22616	11
22617	11
22618	11
22619	11
22620	11
22621	11
22622	11
22623	11
22624	11
22625	11
22626	11
22627	11
22628	11
22629	11
22630	11
22631	11
22632	11
22633	11
22634	11
22635	11
22636	11
22637	11
22638	11
22639	11
22640	11
22641	11
22642	11
22643	11
22644	11
22645	11
22646	11
22647	11
22648	11
22649	11
22650	11
22651	11
22652	11
22653	11
22654	11
22655	11
22656	11
22657	11
22658	11
22659	11
22660	11
22661	11
22662	11
22663	11
22664	11
22665	11
22666	11
22667	11
22668	11
22669	11
22670	11
22671	11
22672	11
22673	11
22674	11
22675	11
22676	11
22677	11
22678	11
22679	11
22680	11
22681	11
22682	11
22683	11
22684	11
22685	11
22686	11
22687	11
22688	11
22689	11
22690	11
22691	11
22692	11
22693	11
22694	11
22695	11
22696	11
22697	11
22698	11
22699	11
22700	11
22701	11
22702	11
22703	11
22704	11
22705	11
22706	11
22707	11
22708	11
22709	11
22710	11
22711	11
22712	11
22713	11
22714	11
22716	11
22718	11
22719	11
22720	11
22722	11
22723	11
22725	11
22726	11
22727	11
22728	11
22729	11
22730	11
22731	11
22732	11
22733	11
22739	11
22740	11
22743	11
22744	11
22745	11
22746	11
22747	11
22748	11
22749	11
22750	11
22751	11
22752	11
22753	11
22754	11
22755	11
22756	11
22757	11
22758	11
22759	11
22760	11
22761	11
22762	11
22763	11
22764	11
22765	11
22766	11
22767	11
22768	11
22769	11
22770	11
22771	11
22772	11
22773	11
22774	11
22775	11
22776	11
22779	11
22780	11
22782	11
22784	11
22785	11
22786	11
22787	11
22788	11
22789	11
22790	11
22791	11
22792	11
22793	11
22794	11
22796	11
22797	11
22798	11
22799	11
22800	11
22801	11
22802	11
22803	11
22804	11
22805	11
22806	11
22807	11
22808	11
22809	11
22811	11
22813	11
22815	11
22818	11
22819	11
22822	11
22827	11
22829	11
22830	11
22831	11
22832	11
22833	11
22834	11
22837	11
22839	11
22841	11
22843	11
22846	11
22848	11
22850	11
22852	11
22854	11
22855	11
22856	11
22857	11
22858	11
22859	11
22860	11
22861	11
22862	11
22863	11
22864	11
22865	11
22866	11
22867	11
22868	11
22869	11
22870	11
22871	11
22872	11
22873	11
22875	11
22876	11
22877	11
22878	11
22879	11
22881	11
22883	11
22885	11
22887	11
22888	11
22889	11
22890	11
22891	11
22892	11
22893	11
22894	11
22895	11
22896	11
22897	11
22898	11
22899	11
22900	11
22901	11
22902	11
22903	11
22904	11
22905	11
22906	11
22907	11
22909	11
22917	11
22918	11
22919	11
22920	11
22921	11
22922	11
22923	11
22924	11
22925	11
22927	11
22928	11
22929	11
22930	11
22931	11
22932	11
22933	11
22934	11
22935	11
22936	11
22937	11
22938	11
22939	11
22940	11
22941	11
22942	11
22943	11
22944	11
22945	11
22946	11
22947	11
22948	11
22949	11
22950	11
22951	11
22952	11
22953	11
22954	11
22955	11
22956	11
22957	11
22958	11
22959	11
22960	11
22961	11
22962	11
22963	11
22964	11
22965	11
22966	11
22967	11
22968	11
22969	11
22970	11
22971	11
22972	11
22973	11
22974	11
22975	11
22976	11
22977	11
22978	11
22979	11
22980	11
22981	11
22982	11
22983	11
22986	11
22987	11
22991	11
22993	11
22994	11
22995	11
22996	11
22997	11
22998	11
22999	11
23000	11
23001	11
23002	11
23010	11
23011	11
23012	11
23013	11
23014	11
23015	11
23016	11
23017	11
23018	11
23019	11
23020	11
23021	11
23022	11
23023	11
23024	11
23025	11
23026	11
23027	11
23028	11
23029	11
23030	11
23031	11
23032	11
23033	11
23034	11
23035	11
23036	11
23037	11
23038	11
23039	11
23040	11
23041	11
23042	11
23043	11
23044	11
23045	11
23046	11
23047	11
23048	11
23050	11
23051	11
23052	11
23053	11
23054	11
23055	11
23056	11
23057	11
23058	11
23061	11
23062	7
23062	10
23062	11
23063	11
23064	11
23065	11
23066	11
23067	11
23068	11
23069	7
23069	11
23070	11
23071	11
23072	11
23073	11
23074	11
23075	11
23076	11
23077	11
23078	11
23079	11
23080	11
23081	11
23082	11
23083	11
23084	11
23085	11
23087	11
23090	11
23091	11
23092	11
23093	11
23094	11
23095	11
23096	11
23097	11
23098	11
23099	11
23100	11
23101	11
23102	11
23104	11
23105	11
23113	7
23114	11
23115	11
23127	11
23131	11
23132	11
23133	11
23135	11
23136	11
23141	11
23161	11
23162	11
23166	11
23224	11
23225	11
23226	11
23227	11
23228	11
23253	11
23254	11
23257	11
23258	11
23259	11
23260	11
23261	11
23262	11
23263	11
23264	11
23265	11
23267	11
23268	11
23329	11
23345	7
23355	11
23356	11
23361	11
23363	7
23363	11
23370	11
23371	11
23384	11
23385	11
23387	11
23388	11
23389	11
23390	11
23400	11
23401	11
23402	11
23403	11
23404	11
23405	11
23411	7
23415	11
23416	11
23417	11
23425	11
23426	11
23427	11
23428	11
23429	11
23430	11
23431	11
23432	11
23435	11
23436	11
23438	11
23440	7
23440	11
23441	11
23443	11
23446	11
23447	11
23448	11
23449	11
23450	11
23451	11
23457	11
23458	11
23459	11
23460	11
23462	11
23463	11
23464	11
23465	11
23467	11
23468	11
23469	11
23470	11
23471	11
23472	11
23473	11
23474	11
23475	7
23475	11
23476	11
23477	11
23501	11
23508	11
23509	11
23510	11
23511	11
23512	11
23514	11
23516	11
23523	11
23530	11
23545	11
23558	11
23560	11
23575	11
23577	11
23583	11
23584	11
23589	11
23593	11
23606	11
23627	11
23628	11
23630	11
23636	11
23641	11
23644	11
23645	11
23648	11
23649	11
23653	11
23658	11
23667	11
23669	11
23715	11
23741	11
23747	11
23757	11
23778	11
23795	11
23799	11
23809	11
23811	11
23817	11
23820	11
23823	11
23841	11
23845	11
23853	11
23857	11
23858	11
23859	11
23865	11
23866	11
23870	11
23881	11
23882	11
23890	11
23897	11
23899	11
23904	11
23906	11
23917	11
23926	11
23927	11
23930	11
23931	11
23932	11
23933	11
23934	11
23939	11
23942	11
23944	11
23946	11
23947	11
23953	11
23958	11
23966	11
23972	11
23975	11
23980	11
23981	11
23982	11
23983	11
23984	11
23985	11
23989	11
23991	11
23995	11
23996	11
23997	11
23998	11
23999	11
24000	11
24002	11
24023	11
24026	11
24032	11
24046	11
24051	11
24053	11
24054	11
24059	11
24060	11
24075	11
24076	11
24077	11
24081	11
24083	11
24087	11
24090	11
24096	11
24108	11
24111	11
24116	11
24122	11
24126	11
24129	11
24136	11
24137	11
24140	11
24151	11
24156	11
24161	11
24163	11
24166	11
24168	11
24174	11
24185	11
24191	11
24193	11
24194	11
24198	11
24200	11
24205	11
24207	11
24216	11
24226	11
24230	11
24232	11
24233	11
24238	11
24242	11
24243	11
24256	11
24264	11
24271	11
24291	11
24292	11
24296	11
24300	11
24306	11
24308	11
24312	11
24315	11
24329	11
24331	11
24332	11
24334	11
24336	11
24339	11
24346	11
24351	11
24352	11
24358	11
24366	11
24367	11
24378	11
24380	11
24381	11
24387	11
24401	11
24405	11
24407	11
24421	11
24424	11
24431	11
24438	11
24439	11
24443	11
24447	11
24454	11
24466	11
24473	11
24482	11
24486	11
24490	11
24492	11
24517	11
24518	11
24519	11
24523	11
24524	11
24525	11
24529	11
24530	11
24531	11
24533	7
24533	11
24534	11
24535	11
24539	11
24554	11
24592	11
24593	11
24594	11
24638	7
24648	11
24650	11
24654	7
24703	11
24705	11
24706	11
24721	11
24723	11
24729	7
24730	7
24751	11
24752	7
24880	4
24880	11
24881	7
24881	11
24883	11
24884	11
24885	11
24887	7
24899	11
24900	11
24903	7
24903	11
24904	11
24905	11
24911	7
24911	11
24912	11
24922	7
24922	11
24930	11
24931	11
24934	11
24935	11
24960	11
24987	11
25010	11
25148	7
25166	7
25262	11
25263	11
25267	11
25271	11
25360	11
25375	11
25379	11
25384	11
25388	11
25391	11
25397	11
25401	11
25406	11
25409	11
25411	11
25412	11
25415	11
25416	11
25417	11
25421	11
25428	11
25431	11
25432	11
25437	11
25439	11
25440	11
25444	11
25447	11
25453	11
25456	11
25458	11
25459	11
25462	11
25464	11
25471	11
25477	11
25479	11
25492	11
25507	11
25510	11
25513	11
25517	11
25523	11
25528	11
25529	11
25532	11
25550	11
25553	11
25565	11
25566	11
25576	11
25589	11
25590	11
25603	11
25612	11
25615	11
25633	11
25634	11
25635	11
25638	11
25641	11
25644	11
25645	11
25657	11
25666	11
25682	11
25685	11
25689	11
25691	11
25695	11
25705	11
25712	11
25713	11
25725	11
25726	11
25741	11
25747	11
25748	11
25749	11
25750	11
25753	11
25756	11
25757	11
25759	11
25760	11
25766	11
25771	11
25783	11
25785	11
25796	11
25799	11
25802	11
25808	11
25812	11
25813	11
25814	11
25817	11
25818	11
25819	11
25820	11
25821	11
25822	11
25823	11
25824	11
25826	11
25828	11
25829	11
25836	11
25840	11
25843	11
25844	11
25845	11
25847	11
25849	11
25850	11
25851	11
25852	11
25855	11
25856	11
25857	11
25863	11
25865	11
25870	11
25874	11
25880	11
25889	11
25892	11
25894	11
25895	11
25897	11
25899	11
25900	11
25901	11
25902	11
25904	11
25906	11
25910	11
25923	11
25929	11
25931	11
25933	11
25935	11
25941	11
25942	11
25944	11
25950	11
25952	11
25953	11
25974	11
25975	11
25976	11
25977	11
25978	11
25979	11
25981	11
25984	11
25986	11
25989	11
25990	11
25991	11
25992	11
25993	11
26008	11
26009	11
26010	11
26019	11
26020	11
26031	11
26053	11
26054	11
26055	11
26062	11
26063	11
26064	11
26065	11
26066	11
26067	11
26068	11
26069	11
26070	11
26071	11
26081	11
26082	11
26083	11
26084	11
26085	7
26085	11
26086	11
26087	11
26103	11
26105	11
26106	11
26107	11
26110	11
26112	5
26112	6
26112	11
26113	11
26115	11
26116	11
26117	11
26118	11
26120	11
26129	11
26130	11
26131	7
26134	7
26134	11
26135	11
26136	11
26137	11
26138	11
26139	11
26140	11
26141	11
26142	11
26143	11
26144	11
26145	11
26173	7
26174	7
26181	7
26190	6
26190	7
26190	11
26191	11
26192	11
26193	11
26210	11
26212	11
26213	11
26218	11
26219	11
26222	11
26274	11
26275	11
26276	11
26277	11
26278	11
26279	11
26280	11
26281	11
26282	11
26283	11
26287	11
26289	11
26290	11
26291	11
26292	11
26293	11
26294	11
26295	11
26296	11
26297	11
26309	11
26325	11
26326	11
26327	11
26328	11
26331	11
26332	11
26333	11
26334	11
26335	11
26336	11
26337	11
26342	11
26343	11
26344	11
26345	11
26346	11
26349	11
26350	11
26356	11
26357	11
26358	11
26359	11
26361	11
26362	11
26363	11
26365	11
26366	11
26367	11
26368	11
26369	11
26370	11
26371	11
26372	11
26373	11
26374	11
26375	11
26376	11
26377	11
26378	11
26379	11
26380	11
26381	11
26382	11
26383	11
26384	11
26385	11
26386	11
26390	11
26391	11
26397	11
26398	11
26407	11
26411	11
26412	11
26424	11
26425	11
26426	11
26427	11
26428	11
26429	11
26430	11
26431	11
26432	11
26433	11
26434	11
26435	11
26439	11
26442	11
26443	11
26444	11
26447	7
26447	11
26450	7
26450	9
26450	10
26450	11
26451	11
26452	11
26453	11
26454	11
26455	11
26456	11
26457	11
26458	11
26460	11
26461	11
26466	11
26467	7
26467	11
26471	11
26472	11
26475	11
26486	7
26486	11
26487	11
26490	11
26495	11
26496	11
26497	11
26501	11
26502	11
26503	11
26507	7
26507	11
26508	11
26509	7
26509	11
26510	11
26516	11
26517	11
26518	11
26519	11
26520	11
26521	11
26532	11
26533	11
26534	11
26543	7
26543	11
26544	11
26578	11
26580	11
26581	11
26582	11
26583	11
26587	11
26588	11
26589	11
26590	11
26593	11
26594	11
26595	11
26596	11
26605	11
26711	11
26712	11
26781	7
26781	11
26836	11
26837	11
26844	7
26844	11
26845	7
26845	11
26874	11
26875	11
26876	11
26879	7
26880	7
26880	11
26888	11
26890	11
26906	11
26909	11
26910	11
26911	11
26912	11
26939	11
26940	11
26941	7
26941	11
26942	6
26942	7
26942	11
26943	7
26945	11
26946	11
26947	11
26948	11
26949	11
26950	11
26951	11
26952	11
26959	11
26974	11
26983	11
26996	11
26997	11
26998	11
27010	11
27023	11
27035	11
27036	11
27037	11
27038	11
27039	11
27040	11
27041	11
27042	11
27043	11
27044	11
27048	11
27049	11
27050	11
27051	11
27052	11
27053	11
27055	11
27056	11
27058	11
27059	11
27061	11
27062	11
27063	11
27064	11
27065	11
27066	11
27067	11
27068	11
27070	11
27072	11
27073	11
27074	11
27075	11
27078	11
27084	11
27085	11
27086	11
27089	11
27090	11
27091	11
27092	11
27093	11
27094	11
27096	11
27102	11
27105	11
27114	11
27147	11
27150	11
27164	11
27165	11
27166	11
27205	11
27208	11
27217	11
27218	11
27219	11
27223	11
27227	11
27228	11
27230	11
27231	11
27232	11
27235	11
27236	11
27237	11
27238	11
27239	11
27245	11
27246	11
27247	11
27248	11
27249	11
27250	11
27251	11
27252	11
27253	11
27254	11
27255	11
27256	11
27257	11
27258	11
27259	11
27260	11
27261	11
27262	11
27263	11
27264	11
27265	11
27266	11
27267	11
27268	11
27269	11
27270	11
27271	11
27272	11
27273	11
27274	11
27275	11
27276	11
27277	11
27278	11
27279	11
27280	11
27281	11
27282	11
27283	11
27284	11
27285	11
27289	11
27290	11
27291	11
27292	11
27295	11
27296	11
27297	11
27298	11
27299	11
27300	11
27301	11
27302	11
27303	11
27304	11
27305	11
27306	11
27307	11
27308	11
27309	11
27310	11
27311	11
27312	11
27313	11
27314	11
27315	11
27316	11
27317	11
27318	11
27319	11
27324	11
27327	11
27328	11
27329	11
27330	11
27331	11
27332	11
27333	11
27334	11
27335	11
27336	11
27337	11
27338	11
27339	11
27340	11
27341	11
27342	11
27343	11
27344	11
27345	11
27346	11
27347	11
27348	11
27349	11
27350	11
27351	11
27352	11
27353	11
27354	11
27359	11
27360	11
27361	11
27362	11
27363	11
27364	11
27365	11
27366	11
27367	11
27368	11
27369	11
27370	11
27371	11
27372	11
27373	11
27374	11
27375	11
27376	11
27377	11
27378	11
27379	11
27380	11
27381	11
27382	11
27383	11
27384	11
27385	11
27386	11
27387	11
27388	11
27389	11
27390	11
27391	11
27392	11
27393	11
27394	11
27395	11
27396	11
27398	11
27405	11
27410	11
27411	11
27413	11
27414	11
27417	11
27418	11
27419	11
27420	11
27423	11
27424	11
27425	11
27427	11
27428	11
27429	11
27430	11
27431	11
27432	11
27433	11
27434	11
27435	11
27436	11
27437	11
27439	11
27440	11
27441	11
27442	11
27443	11
27444	11
27445	11
27446	11
27447	11
27448	11
27449	11
27450	11
27453	11
27455	11
27457	11
27458	11
27459	11
27460	11
27461	11
27462	11
27463	11
27464	11
27465	11
27466	11
27467	11
27468	11
27469	11
27470	11
27471	11
27472	11
27473	11
27474	11
27475	11
27476	11
27477	11
27478	11
27479	11
27480	11
27481	11
27482	11
27483	11
27484	11
27485	11
27486	11
27487	11
27488	11
27489	11
27490	11
27491	11
27492	11
27493	11
27494	11
27495	11
27496	11
27497	11
27498	11
27499	11
27500	11
27501	11
27502	11
27503	11
27504	11
27505	11
27506	11
27507	11
27508	11
27509	11
27510	11
27511	11
27512	11
27513	11
27514	11
27515	11
27516	11
27517	11
27518	11
27519	11
27522	11
27523	11
27524	11
27525	11
27526	11
27527	11
27528	11
27529	11
27530	11
27531	11
27532	11
27534	11
27535	11
27536	11
27537	11
27538	11
27539	7
27539	11
27554	11
27555	11
27556	11
27557	11
27558	11
27559	11
27564	11
27565	11
27566	11
27567	11
27569	11
27570	11
27572	11
27573	11
27593	11
27594	11
27606	11
27612	11
27613	11
27614	11
27615	11
27623	11
27641	11
27646	11
27656	11
27664	11
27666	11
27668	11
27672	11
27679	11
27691	11
27711	11
27712	11
27715	11
27716	11
27717	11
27718	11
27719	11
27723	11
27731	11
27732	11
27735	11
27741	11
27747	11
27748	11
27750	11
27753	11
27754	11
27756	11
27758	11
27759	11
27760	11
27773	11
27774	11
27776	11
27777	11
27779	11
27780	11
27782	11
27783	11
27785	11
27793	11
27835	7
27856	11
27857	11
27858	11
27861	11
27862	11
27863	11
27867	11
27871	11
27873	11
27876	9
27877	9
27877	11
28007	7
28007	11
28008	7
28008	11
28108	11
28172	11
29101	7
29101	11
29102	11
29103	11
29104	11
29105	7
29105	11
29106	11
29107	11
29116	11
29126	7
29127	7
29129	7
29130	7
29131	11
29132	11
29134	11
29141	11
29142	11
29143	11
29144	11
29145	11
29146	11
29147	11
29148	11
29149	11
29160	11
29161	11
29167	11
29169	11
29177	11
29193	11
29194	11
29217	11
29220	11
29221	11
29282	11
29283	11
29286	11
29308	11
29309	11
29310	11
29322	11
29323	11
29324	11
29325	11
29326	11
29327	11
29328	11
29353	11
29372	10
29372	11
29376	11
29398	11
29429	11
29430	11
29436	11
29437	11
29438	11
29458	11
29459	11
29460	11
29469	11
29489	11
29509	11
29550	7
29551	7
29553	11
29592	11
29617	7
29645	11
29663	7
29663	11
29664	11
29665	11
29666	11
29667	11
29672	11
29686	11
29690	11
29712	11
29714	11
29715	11
29721	11
29722	11
29724	11
29727	11
29735	11
29736	11
29745	9
29772	11
29773	11
29775	11
29777	11
29787	11
29788	11
29792	11
29812	11
29828	4
29828	10
29829	11
29875	11
29879	4
29907	11
29908	11
29914	11
29915	11
29934	11
29978	9
29978	11
30007	11
30077	11
30078	11
30166	11
30167	11
30168	11
30198	11
30206	11
30255	11
30256	11
30267	11
30309	11
30331	11
30332	11
30336	11
30338	11
30342	11
30343	11
30367	11
30368	11
30369	11
30371	11
30375	11
30383	11
30388	11
30405	11
30406	11
30439	11
30519	11
30539	11
30540	11
30542	11
30544	11
30545	11
30546	11
30547	11
30556	11
30557	11
30560	11
30561	11
30562	11
30565	11
30567	11
30568	11
30573	11
30577	11
30590	11
30591	11
30592	11
30597	11
30617	11
30619	11
30620	11
30649	9
30649	11
30650	4
30650	7
30650	10
30650	11
30684	11
30711	11
30759	11
30760	11
30861	11
31315	11
31524	11
31678	11
31699	11
31700	11
31701	11
31773	11
32081	12
32082	12
32083	12
32084	12
32085	12
32086	12
32087	12
32088	12
32089	12
